  1.821998
  2.349179
  3.464085
  6.303027
  0.146832
  0.124311
  0.282230
  0.262576
  0.135000
  0.207744
  0.813087
  0.111193
  0.394339
  0.493454
  0.396887
  0.067086
  1.077081
  0.241086
  0.171782
  0.170987
  0.136102
  0.054232
  0.046398
  0.062974
  0.059406
  0.058479
  0.033366
  0.018677
  0.082886
  0.068871
  0.126439
  0.067936
  0.120501
  0.065413
  0.018388
  0.085450
  0.073515
  0.067247
  0.044776
  0.045067
  0.053136
  0.046577
  0.052889
  0.042407
  0.043079
  0.146106
  0.107959
  0.068706
  0.202035
  0.084102
  0.323163
  0.068401
  0.032115
  0.010167
  0.013994
  0.018506
  0.015096
  0.015657
  0.014033
