  1.230401
  3.440465
  0.530247
  0.415419
  0.166478
  0.060350
  0.533915
  0.088997
  0.260448
  0.367240
  0.063467
  0.020710
  0.046347
  0.082238
  0.034325
  0.068307
  0.059248
  0.080769
  0.039031
  0.052867
  0.034418
  0.026829
  0.212903
  0.072457
  0.123722
  0.059235
  0.022860
  0.021950
  0.027563
  1.008002
  0.090605
  0.296973
  0.111481
  0.064441
  0.081082
  0.073857
  0.393301
  0.418666
  0.221667
  0.031662
  0.078852
  0.054289
  0.086028
  0.111033
  0.574253
  0.318069
  0.448641
  0.332585
  0.079665
  0.453783
  0.620742
  0.442349
  0.135764
  0.088924
  0.169434
  0.071254
  0.118297
  0.018108
  0.084914
  0.031883
  0.000098
  0.000098
  0.000098
  0.000098
  0.000098
  0.000098
  0.000098
  0.000098
  0.000098
  0.000098
  0.000098
  0.000098
  0.000098
  0.000098
  0.000098
  0.000098
  0.000098
  0.000098
  0.000098
  0.000098
  0.000098
  0.000098
  0.000098
  0.000098
  0.000098
  0.000098
  0.000098
  0.000098
  0.000098
  0.000098
  0.000098
  0.000098
  0.000098
  0.000098
  0.000098
  0.000098
  0.000098
  0.000098
  0.000098
  0.000098
  0.000098
  0.000098
  0.000098
  0.000098
  0.000098
  0.000098
  0.000098
  0.000098
  0.000098
  0.000098
  0.000098
  0.000098
  0.000098
  0.000098
  0.000098
  0.000098
  0.000098
  0.000098
  0.000098
  0.000143
