  1.603245
  2.727049
  2.011137
  3.318922
  0.081901
  0.183654
  0.320579
  0.219809
  0.078847
  0.354513
  0.285066
  0.106619
  0.453927
  0.397074
  0.208553
  0.056113
  1.452068
  0.130745
  0.072922
  0.106523
  0.054060
  0.022192
  0.030303
  0.031649
  0.045934
  0.026481
  0.031808
  0.024317
  0.033434
  0.023957
  0.101446
  0.060713
  0.055094
  0.034622
  0.012296
  0.018100
  0.009349
  0.036283
  0.036417
  0.038851
  0.072867
  0.033062
  0.066690
  0.019720
  0.044740
  0.179306
  0.101625
  0.109476
  0.413378
  0.130484
  0.205760
  0.052370
  0.028817
  0.018834
  0.015845
  0.010877
  0.017746
  0.034149
  0.006413
