2085.0,2093.0,23.0,-7.0,
2098.0,2102.0,23.0,-7.0,
2094.0,2097.0,23.0,-7.0,
2088.0,2087.0,23.0,-7.0,
2081.0,2086.0,23.0,-7.0,
2069.0,2083.0,23.0,-7.0,
2067.0,2067.0,23.0,-7.0,
2059.0,2067.0,23.0,-7.0,
2067.0,2074.0,23.0,-7.0,
2066.0,2074.0,23.0,-7.0,
2073.0,2080.0,23.0,-7.0,
2067.0,2075.0,23.0,-7.0,
2072.0,2076.0,23.0,-7.0,
2069.0,2071.0,23.0,-7.0,
2068.0,2074.0,23.0,-7.0,
2069.0,2081.0,23.0,-7.0,
2055.0,2076.0,23.0,-7.0,
2071.0,2081.0,23.0,-7.0,
2089.0,2085.0,23.0,-7.0,
2075.0,2084.0,23.0,-7.0,
2066.0,2089.0,23.0,-7.0,
2075.0,2081.0,23.0,-7.0,
2066.0,2074.0,23.0,-7.0,
2059.0,2086.0,23.0,-7.0,
2059.0,2076.0,23.0,-7.0,
2060.0,2083.0,23.0,-7.0,
2065.0,2088.0,23.0,-7.0,
2067.0,2088.0,23.0,-7.0,
2073.0,2094.0,23.0,-7.0,
2058.0,2085.0,23.0,-7.0,
2075.0,2075.0,23.0,-7.0,
2070.0,2080.0,23.0,-7.0,
2067.0,2071.0,23.0,-7.0,
2076.0,2075.0,23.0,-7.0,
2083.0,2087.0,23.0,-7.0,
2079.0,2092.0,23.0,-7.0,
2069.0,2105.0,23.0,-7.0,
2052.0,2098.0,23.0,-7.0,
2075.0,2091.0,23.0,-7.0,
2076.0,2088.0,23.0,-7.0,
2067.0,2084.0,23.0,-7.0,
2065.0,2082.0,23.0,-7.0,
2072.0,2076.0,23.0,-7.0,
2078.0,2077.0,23.0,-7.0,
2064.0,2082.0,23.0,-7.0,
2074.0,2090.0,22.0,-7.0,
2084.0,2088.0,22.0,-7.0,
2071.0,2089.0,22.0,-7.0,
2076.0,2076.0,23.0,-7.0,
2071.0,2078.0,23.0,-7.0,
2074.0,2075.0,23.0,-7.0,
2069.0,2075.0,23.0,-7.0,
2071.0,2080.0,23.0,-7.0,
2084.0,2089.0,23.0,-7.0,
2066.0,2088.0,23.0,-7.0,
2071.0,2091.0,23.0,-7.0,
2076.0,2087.0,23.0,-7.0,
2072.0,2086.0,23.0,-7.0,
2064.0,2079.0,23.0,-7.0,
2073.0,2078.0,23.0,-7.0,
2075.0,2076.0,23.0,-7.0,
2079.0,2087.0,23.0,-7.0,
2075.0,2078.0,23.0,-7.0,
2063.0,2082.0,23.0,-7.0,
2067.0,2083.0,23.0,-7.0,
2074.0,2080.0,23.0,-7.0,
2055.0,2072.0,23.0,-7.0,
2066.0,2077.0,23.0,-7.0,
2070.0,2073.0,23.0,-7.0,
2070.0,2075.0,23.0,-7.0,
2077.0,2089.0,23.0,-7.0,
2070.0,2081.0,23.0,-7.0,
2065.0,2086.0,23.0,-7.0,
2067.0,2084.0,23.0,-7.0,
2074.0,2082.0,23.0,-7.0,
2073.0,2077.0,23.0,-7.0,
2081.0,2076.0,23.0,-7.0,
2075.0,2080.0,23.0,-7.0,
2077.0,2080.0,23.0,-7.0,
2086.0,2086.0,23.0,-7.0,
2074.0,2087.0,23.0,-7.0,
2071.0,2094.0,23.0,-7.0,
2081.0,2083.0,23.0,-7.0,
2078.0,2074.0,23.0,-7.0,
2084.0,2079.0,23.0,-7.0,
2080.0,2081.0,23.0,-7.0,
2076.0,2074.0,23.0,-7.0,
2058.0,2083.0,23.0,-7.0,
2073.0,2084.0,23.0,-7.0,
2070.0,2079.0,23.0,-7.0,
2071.0,2082.0,23.0,-7.0,
2076.0,2082.0,23.0,-7.0,
2088.0,2083.0,22.0,-7.0,
2075.0,2094.0,22.0,-7.0,
2070.0,2080.0,22.0,-7.0,
2074.0,2079.0,22.0,-7.0,
2065.0,2076.0,22.0,-7.0,
2072.0,2083.0,22.0,-7.0,
2071.0,2085.0,22.0,-7.0,
2067.0,2087.0,22.0,-7.0,
2082.0,2089.0,23.0,-7.0,
2073.0,2080.0,23.0,-7.0,
2073.0,2075.0,23.0,-7.0,
2075.0,2074.0,23.0,-7.0,
2074.0,2079.0,23.0,-7.0,
2071.0,2082.0,23.0,-7.0,
2078.0,2090.0,23.0,-7.0,
2073.0,2085.0,23.0,-7.0,
2081.0,2082.0,23.0,-7.0,
2068.0,2089.0,23.0,-7.0,
2068.0,2084.0,23.0,-7.0,
2069.0,2080.0,23.0,-7.0,
2070.0,2078.0,23.0,-7.0,
2057.0,2082.0,23.0,-7.0,
2058.0,2084.0,23.0,-7.0,
2078.0,2089.0,23.0,-7.0,
2083.0,2090.0,23.0,-7.0,
2098.0,2082.0,23.0,-7.0,
2087.0,2083.0,23.0,-7.0,
2059.0,2074.0,23.0,-7.0,
2057.0,2072.0,23.0,-7.0,
2079.0,2077.0,23.0,-7.0,
2068.0,2075.0,23.0,-7.0,
2077.0,2086.0,23.0,-7.0,
2076.0,2080.0,23.0,-7.0,
2077.0,2092.0,23.0,-7.0,
2083.0,2092.0,23.0,-7.0,
2071.0,2093.0,23.0,-7.0,
2083.0,2084.0,23.0,-7.0,
2078.0,2080.0,23.0,-7.0,
2060.0,2081.0,23.0,-7.0,
2070.0,2071.0,23.0,-7.0,
2074.0,2080.0,23.0,-7.0,
2074.0,2085.0,23.0,-7.0,
2070.0,2092.0,23.0,-7.0,
2075.0,2091.0,23.0,-7.0,
2072.0,2084.0,23.0,-7.0,
2060.0,2075.0,23.0,-7.0,
2066.0,2079.0,23.0,-7.0,
2077.0,2072.0,23.0,-7.0,
2075.0,2087.0,22.0,-7.0,
2074.0,2079.0,22.0,-7.0,
2071.0,2085.0,22.0,-7.0,
2076.0,2094.0,22.0,-7.0,
2073.0,2091.0,22.0,-7.0,
2085.0,2087.0,22.0,-7.0,
2089.0,2086.0,22.0,-7.0,
2071.0,2086.0,22.0,-7.0,
2067.0,2077.0,23.0,-7.0,
2059.0,2081.0,23.0,-7.0,
2063.0,2079.0,23.0,-7.0,
2073.0,2084.0,23.0,-7.0,
2080.0,2091.0,23.0,-7.0,
2075.0,2091.0,23.0,-7.0,
2076.0,2077.0,23.0,-7.0,
2078.0,2082.0,23.0,-7.0,
2068.0,2089.0,23.0,-7.0,
2062.0,2084.0,23.0,-7.0,
2067.0,2084.0,23.0,-7.0,
2058.0,2088.0,23.0,-7.0,
2060.0,2085.0,23.0,-7.0,
2074.0,2094.0,23.0,-7.0,
2074.0,2092.0,23.0,-7.0,
2081.0,2090.0,23.0,-7.0,
2082.0,2087.0,23.0,-7.0,
2070.0,2079.0,23.0,-7.0,
2061.0,2072.0,23.0,-7.0,
2067.0,2080.0,23.0,-7.0,
2073.0,2073.0,23.0,-7.0,
2063.0,2081.0,23.0,-7.0,
2065.0,2085.0,23.0,-7.0,
2080.0,2085.0,23.0,-7.0,
2088.0,2078.0,23.0,-7.0,
2061.0,2070.0,23.0,-7.0,
2062.0,2055.0,23.0,-7.0,
2066.0,2072.0,23.0,-7.0,
2066.0,2074.0,23.0,-7.0,
2065.0,2080.0,23.0,-7.0,
2083.0,2085.0,23.0,-7.0,
2069.0,2092.0,23.0,-7.0,
2074.0,2086.0,23.0,-7.0,
2062.0,2081.0,23.0,-7.0,
2072.0,2076.0,23.0,-7.0,
2074.0,2076.0,23.0,-7.0,
2080.0,2076.0,23.0,-7.0,
2075.0,2080.0,23.0,-7.0,
2070.0,2067.0,23.0,-7.0,
2083.0,2085.0,23.0,-7.0,
2079.0,2083.0,23.0,-7.0,
2081.0,2088.0,23.0,-7.0,
2076.0,2086.0,22.0,-7.0,
2078.0,2078.0,22.0,-7.0,
2077.0,2078.0,22.0,-7.0,
2072.0,2080.0,22.0,-7.0,
2073.0,2079.0,22.0,-7.0,
2069.0,2076.0,22.0,-7.0,
2069.0,2081.0,22.0,-7.0,
2071.0,2084.0,22.0,-7.0,
2066.0,2096.0,23.0,-7.0,
2071.0,2086.0,23.0,-7.0,
2077.0,2081.0,23.0,-7.0,
2070.0,2080.0,23.0,-7.0,
2060.0,2071.0,23.0,-7.0,
2063.0,2073.0,23.0,-7.0,
2069.0,2081.0,23.0,-7.0,
2074.0,2082.0,23.0,-7.0,
2081.0,2085.0,23.0,-7.0,
2061.0,2087.0,23.0,-7.0,
2071.0,2078.0,23.0,-7.0,
2071.0,2080.0,23.0,-7.0,
2073.0,2072.0,23.0,-7.0,
2073.0,2070.0,23.0,-7.0,
2078.0,2077.0,23.0,-7.0,
2067.0,2078.0,23.0,-7.0,
2078.0,2090.0,23.0,-7.0,
2075.0,2080.0,23.0,-7.0,
2030.0,2086.0,23.0,-7.0,
2086.0,2092.0,23.0,-7.0,
2064.0,2076.0,23.0,-7.0,
2066.0,2075.0,23.0,-7.0,
2060.0,2076.0,23.0,-7.0,
2065.0,2080.0,23.0,-7.0,
2071.0,2085.0,23.0,-7.0,
2083.0,2088.0,23.0,-7.0,
2077.0,2090.0,23.0,-7.0,
2066.0,2083.0,23.0,-7.0,
2080.0,2081.0,23.0,-7.0,
2070.0,2076.0,23.0,-7.0,
2068.0,2078.0,23.0,-7.0,
2074.0,2086.0,23.0,-7.0,
2071.0,2090.0,23.0,-7.0,
2082.0,2087.0,23.0,-7.0,
2071.0,2081.0,23.0,-7.0,
2065.0,2081.0,23.0,-7.0,
2082.0,2080.0,23.0,-7.0,
2076.0,2082.0,23.0,-7.0,
2089.0,2079.0,23.0,-7.0,
2072.0,2073.0,23.0,-7.0,
2064.0,2074.0,23.0,-7.0,
2079.0,2078.0,23.0,-7.0,
2077.0,2081.0,23.0,-7.0,
2071.0,2078.0,23.0,-7.0,
2072.0,2092.0,23.0,-7.0,
2074.0,2081.0,23.0,-7.0,
2081.0,2075.0,23.0,-7.0,
2074.0,2077.0,23.0,-7.0,
2077.0,2085.0,23.0,-7.0,
2062.0,2079.0,23.0,-7.0,
2063.0,2084.0,23.0,-7.0,
2060.0,2092.0,23.0,-7.0,
2068.0,2083.0,23.0,-7.0,
2056.0,2093.0,23.0,-7.0,
2056.0,2085.0,23.0,-7.0,
2076.0,2089.0,23.0,-7.0,
2067.0,2073.0,23.0,-7.0,
2065.0,2074.0,23.0,-7.0,
2062.0,2076.0,23.0,-7.0,
2073.0,2084.0,23.0,-7.0,
2069.0,2084.0,23.0,-7.0,
2068.0,2079.0,23.0,-7.0,
2067.0,2085.0,23.0,-7.0,
2084.0,2093.0,23.0,-7.0,
2082.0,2091.0,23.0,-7.0,
2081.0,2088.0,23.0,-7.0,
2071.0,2082.0,23.0,-7.0,
2064.0,2077.0,23.0,-7.0,
2063.0,2080.0,23.0,-7.0,
2072.0,2083.0,23.0,-7.0,
2086.0,2090.0,23.0,-7.0,
2072.0,2082.0,23.0,-7.0,
2062.0,2079.0,23.0,-7.0,
2074.0,2080.0,23.0,-7.0,
2074.0,2080.0,23.0,-7.0,
2076.0,2074.0,23.0,-7.0,
2076.0,2080.0,23.0,-7.0,
2067.0,2077.0,23.0,-7.0,
2068.0,2081.0,23.0,-7.0,
2051.0,2082.0,23.0,-7.0,
2074.0,2100.0,23.0,-7.0,
2067.0,2086.0,23.0,-7.0,
2064.0,2090.0,23.0,-7.0,
2070.0,2080.0,23.0,-7.0,
2067.0,2082.0,23.0,-7.0,
2067.0,2079.0,23.0,-7.0,
2070.0,2087.0,23.0,-7.0,
2079.0,2079.0,23.0,-7.0,
2070.0,2083.0,23.0,-7.0,
2068.0,2086.0,23.0,-7.0,
2070.0,2080.0,23.0,-7.0,
2076.0,2085.0,23.0,-7.0,
2079.0,2084.0,23.0,-7.0,
2082.0,2072.0,23.0,-7.0,
2075.0,2074.0,23.0,-7.0,
2074.0,2077.0,23.0,-7.0,
2074.0,2081.0,23.0,-7.0,
2065.0,2088.0,23.0,-7.0,
2078.0,2090.0,23.0,-7.0,
2073.0,2083.0,23.0,-7.0,
2065.0,2082.0,23.0,-7.0,
2071.0,2090.0,23.0,-7.0,
2073.0,2086.0,23.0,-7.0,
2071.0,2082.0,23.0,-7.0,
2067.0,2076.0,23.0,-7.0,
2048.0,2090.0,23.0,-7.0,
2100.0,2085.0,23.0,-7.0,
2074.0,2083.0,23.0,-7.0,
2069.0,2075.0,23.0,-7.0,
2081.0,2080.0,23.0,-7.0,
2070.0,2077.0,23.0,-7.0,
2069.0,2076.0,23.0,-7.0,
2059.0,2072.0,23.0,-7.0,
2068.0,2073.0,23.0,-7.0,
2071.0,2086.0,23.0,-7.0,
2079.0,2091.0,23.0,-7.0,
2075.0,2086.0,23.0,-7.0,
2089.0,2087.0,23.0,-7.0,
2094.0,2083.0,23.0,-7.0,
2063.0,2067.0,23.0,-7.0,
2044.0,2073.0,23.0,-7.0,
2063.0,2067.0,23.0,-7.0,
2064.0,2077.0,23.0,-7.0,
2065.0,2081.0,23.0,-7.0,
2070.0,2089.0,23.0,-7.0,
2074.0,2084.0,23.0,-7.0,
2066.0,2086.0,23.0,-7.0,
2080.0,2082.0,23.0,-7.0,
2079.0,2074.0,23.0,-7.0,
2129.0,2068.0,23.0,-7.0,
2070.0,2065.0,23.0,-7.0,
2072.0,2078.0,23.0,-7.0,
2077.0,2098.0,23.0,-7.0,
2073.0,2108.0,23.0,-7.0,
2078.0,2122.0,23.0,-7.0,
2091.0,2059.0,23.0,-7.0,
2081.0,2063.0,23.0,-7.0,
2079.0,2076.0,23.0,-7.0,
2077.0,2072.0,23.0,-7.0,
2079.0,2091.0,23.0,-7.0,
2087.0,2081.0,23.0,-7.0,
2083.0,2097.0,23.0,-7.0,
2072.0,2093.0,23.0,-7.0,
2076.0,2056.0,23.0,-7.0,
2085.0,2081.0,23.0,-7.0,
2070.0,2081.0,23.0,-7.0,
2077.0,2079.0,23.0,-7.0,
2065.0,2081.0,23.0,-7.0,
2068.0,2089.0,23.0,-7.0,
2072.0,2080.0,23.0,-7.0,
2066.0,2081.0,23.0,-7.0,
2054.0,2084.0,23.0,-7.0,
2072.0,2090.0,23.0,-7.0,
2073.0,2089.0,22.0,-7.0,
2072.0,2081.0,22.0,-7.0,
2072.0,2080.0,22.0,-7.0,
2068.0,2075.0,22.0,-7.0,
2063.0,2076.0,22.0,-7.0,
2065.0,2079.0,22.0,-7.0,
2076.0,2084.0,22.0,-7.0,
2068.0,2083.0,22.0,-7.0,
2089.0,2085.0,22.0,-7.0,
2086.0,2081.0,22.0,-7.0,
2076.0,2080.0,22.0,-7.0,
2069.0,2077.0,22.0,-7.0,
2068.0,2074.0,23.0,-7.0,
2080.0,2077.0,23.0,-7.0,
2084.0,2079.0,23.0,-7.0,
2067.0,2084.0,23.0,-7.0,
2075.0,2090.0,23.0,-7.0,
2082.0,2094.0,23.0,-7.0,
2075.0,2088.0,23.0,-7.0,
2085.0,2082.0,23.0,-7.0,
2086.0,2086.0,23.0,-7.0,
2093.0,2086.0,23.0,-7.0,
2082.0,2077.0,23.0,-7.0,
2083.0,2082.0,23.0,-7.0,
2086.0,2086.0,23.0,-7.0,
2073.0,2081.0,23.0,-7.0,
2075.0,2081.0,23.0,-7.0,
2070.0,2085.0,23.0,-7.0,
2045.0,2077.0,23.0,-7.0,
2081.0,2067.0,23.0,-7.0,
2059.0,2068.0,23.0,-7.0,
2051.0,2073.0,23.0,-7.0,
2070.0,2091.0,23.0,-7.0,
2062.0,2101.0,23.0,-7.0,
2067.0,2103.0,23.0,-7.0,
2068.0,2043.0,23.0,-7.0,
2070.0,2071.0,23.0,-7.0,
2075.0,2072.0,23.0,-7.0,
2068.0,2075.0,23.0,-7.0,
2073.0,2081.0,23.0,-7.0,
2070.0,2081.0,23.0,-7.0,
2067.0,2079.0,23.0,-7.0,
2075.0,2088.0,23.0,-7.0,
2076.0,2086.0,23.0,-7.0,
2080.0,2082.0,23.0,-7.0,
2073.0,2094.0,23.0,-7.0,
2058.0,2091.0,23.0,-7.0,
2075.0,2070.0,23.0,-7.0,
2065.0,2080.0,23.0,-7.0,
2067.0,2087.0,22.0,-7.0,
2075.0,2091.0,22.0,-7.0,
2075.0,2088.0,22.0,-7.0,
2072.0,2090.0,22.0,-7.0,
2070.0,2101.0,22.0,-7.0,
2074.0,2083.0,22.0,-7.0,
2071.0,2084.0,22.0,-7.0,
2060.0,2070.0,22.0,-7.0,
2067.0,2065.0,22.0,-7.0,
2066.0,2088.0,22.0,-7.0,
2071.0,2084.0,22.0,-7.0,
2065.0,2080.0,22.0,-7.0,
2077.0,2090.0,22.0,-7.0,
2080.0,2085.0,22.0,-7.0,
2080.0,2097.0,22.0,-7.0,
2095.0,2083.0,22.0,-7.0,
2084.0,2057.0,23.0,-7.0,
2069.0,2030.0,23.0,-7.0,
2066.0,2031.0,23.0,-7.0,
2072.0,2064.0,23.0,-7.0,
2081.0,2190.0,23.0,-7.0,
2080.0,2123.0,23.0,-7.0,
2068.0,2115.0,23.0,-7.0,
2075.0,2084.0,23.0,-7.0,
2069.0,2050.0,23.0,-7.0,
2073.0,2076.0,23.0,-7.0,
2069.0,2075.0,23.0,-7.0,
2080.0,2082.0,23.0,-7.0,
2071.0,2065.0,23.0,-7.0,
2091.0,2078.0,23.0,-7.0,
2065.0,2073.0,23.0,-7.0,
2054.0,2076.0,23.0,-7.0,
2056.0,2064.0,23.0,-7.0,
2070.0,2054.0,23.0,-7.0,
2078.0,2041.0,23.0,-7.0,
2075.0,2094.0,23.0,-7.0,
2061.0,2127.0,23.0,-7.0,
2048.0,2063.0,23.0,-7.0,
2051.0,2086.0,23.0,-7.0,
2071.0,2089.0,23.0,-7.0,
2081.0,2084.0,23.0,-7.0,
2095.0,2084.0,23.0,-7.0,
2073.0,2083.0,23.0,-7.0,
2073.0,2065.0,23.0,-7.0,
2080.0,2056.0,23.0,-7.0,
2093.0,2080.0,23.0,-7.0,
2109.0,2103.0,23.0,-7.0,
2112.0,2002.0,23.0,-7.0,
2091.0,2046.0,23.0,-7.0,
2083.0,2153.0,23.0,-7.0,
2033.0,2166.0,23.0,-7.0,
2034.0,2066.0,23.0,-7.0,
2047.0,2094.0,23.0,-7.0,
2038.0,2092.0,23.0,-7.0,
2037.0,2073.0,22.0,-7.0,
2072.0,2075.0,22.0,-7.0,
2075.0,2072.0,22.0,-7.0,
2094.0,2092.0,22.0,-7.0,
2106.0,2095.0,22.0,-7.0,
2091.0,2079.0,22.0,-7.0,
2079.0,2074.0,22.0,-7.0,
2062.0,2073.0,22.0,-7.0,
2063.0,2072.0,23.0,-7.0,
2052.0,2073.0,23.0,-7.0,
2078.0,2082.0,23.0,-7.0,
2096.0,2086.0,23.0,-7.0,
2093.0,2074.0,23.0,-7.0,
2066.0,2043.0,23.0,-7.0,
2098.0,2087.0,23.0,-7.0,
2099.0,2094.0,23.0,-7.0,
2108.0,2113.0,23.0,-7.0,
2096.0,2132.0,23.0,-7.0,
2089.0,2071.0,23.0,-7.0,
2099.0,2119.0,23.0,-7.0,
2041.0,2076.0,23.0,-7.0,
2034.0,1933.0,22.0,-7.0,
2064.0,1971.0,22.0,-7.0,
2067.0,2160.0,22.0,-7.0,
2061.0,2387.0,22.0,-7.0,
2023.0,2048.0,22.0,-7.0,
2035.0,1981.0,22.0,-6.0,
2061.0,1981.0,22.0,-6.0,
2074.0,2047.0,23.0,-6.0,
2081.0,2093.0,23.0,-7.0,
2090.0,2091.0,23.0,-6.0,
2092.0,2062.0,23.0,-6.0,
2074.0,2084.0,23.0,-7.0,
2060.0,2094.0,23.0,-7.0,
2058.0,2075.0,23.0,-7.0,
2055.0,2128.0,23.0,-7.0,
2071.0,2051.0,23.0,-7.0,
2100.0,2027.0,23.0,-6.0,
2087.0,2098.0,23.0,-6.0,
2090.0,2159.0,23.0,-7.0,
2091.0,2118.0,23.0,-7.0,
2075.0,2136.0,23.0,-7.0,
2079.0,2096.0,23.0,-7.0,
2070.0,2020.0,23.0,-7.0,
2069.0,2077.0,23.0,-7.0,
2067.0,2074.0,23.0,-7.0,
2044.0,2065.0,23.0,-7.0,
2071.0,2068.0,23.0,-7.0,
2067.0,2073.0,24.0,-7.0,
2082.0,2090.0,24.0,-7.0,
2053.0,2084.0,24.0,-7.0,
2040.0,2050.0,0,
2084.0,2066.0,24.0,-7.0,
2102.0,2141.0,24.0,-7.0,
2091.0,2076.0,24.0,-7.0,
2061.0,2108.0,24.0,-7.0,
2046.0,2083.0,24.0,-7.0,
2039.0,1990.0,24.0,-7.0,
2066.0,1944.0,24.0,-7.0,
2080.0,2054.0,23.0,-7.0,
2069.0,2177.0,23.0,-7.0,
2072.0,2168.0,23.0,-7.0,
2051.0,2153.0,23.0,-7.0,
2102.0,2109.0,23.0,-7.0,
2080.0,2011.0,23.0,-7.0,
2065.0,1982.0,23.0,-7.0,
2092.0,2078.0,23.0,-7.0,
2114.0,2138.0,23.0,-7.0,
2119.0,2153.0,23.0,-6.0,
2068.0,2087.0,23.0,-6.0,
2063.0,2093.0,23.0,-6.0,
2049.0,2041.0,23.0,-6.0,
2025.0,1999.0,23.0,-6.0,
2063.0,2044.0,23.0,-6.0,
2096.0,2206.0,23.0,-6.0,
2102.0,2072.0,22.0,-6.0,
2107.0,2039.0,22.0,-6.0,
2104.0,2054.0,22.0,-6.0,
2082.0,2185.0,23.0,-6.0,
2065.0,2106.0,23.0,-6.0,
2024.0,2046.0,23.0,-7.0,
2006.0,2163.0,22.0,-7.0,
2013.0,2064.0,22.0,-7.0,
2058.0,2067.0,22.0,-7.0,
2084.0,2078.0,23.0,-7.0,
2093.0,2104.0,23.0,-7.0,
2080.0,2153.0,23.0,-7.0,
2050.0,2179.0,23.0,-7.0,
2047.0,2030.0,23.0,-6.0,
2028.0,1971.0,24.0,-6.0,
2051.0,1993.0,24.0,-6.0,
2077.0,1980.0,24.0,-6.0,
2095.0,2164.0,25.0,-6.0,
2099.0,2170.0,25.0,-6.0,
2084.0,2102.0,26.0,-6.0,
2072.0,2143.0,26.0,-6.0,
2085.0,2100.0,26.0,-6.0,
2077.0,2104.0,26.0,-6.0,
2084.0,2074.0,27.0,-6.0,
2093.0,2020.0,27.0,-6.0,
2098.0,2048.0,26.0,-6.0,
2121.0,2101.0,26.0,-6.0,
2110.0,2011.0,26.0,-6.0,
2064.0,2028.0,26.0,-6.0,
2060.0,2050.0,26.0,-6.0,
2052.0,2046.0,26.0,-6.0,
2071.0,2127.0,26.0,-6.0,
2104.0,2156.0,26.0,-6.0,
2054.0,2115.0,26.0,-6.0,
2068.0,2065.0,26.0,-6.0,
2101.0,2049.0,26.0,-6.0,
2107.0,2015.0,26.0,-6.0,
2074.0,1983.0,26.0,-6.0,
2047.0,2043.0,26.0,-6.0,
2067.0,2293.0,26.0,-5.0,
2055.0,2183.0,26.0,-5.0,
2042.0,2141.0,26.0,-5.0,
2057.0,2100.0,26.0,-5.0,
2047.0,2062.0,26.0,-5.0,
2061.0,2067.0,26.0,-5.0,
2087.0,2051.0,26.0,-5.0,
2059.0,2063.0,26.0,-5.0,
2063.0,2083.0,25.0,-5.0,
2066.0,2024.0,25.0,-5.0,
2055.0,1964.0,26.0,-5.0,
2102.0,2050.0,26.0,-5.0,
2100.0,2132.0,26.0,-5.0,
2099.0,2301.0,26.0,-5.0,
2076.0,2129.0,26.0,-5.0,
2096.0,2044.0,26.0,-5.0,
2040.0,1925.0,27.0,-5.0,
2096.0,1943.0,27.0,-5.0,
2069.0,2182.0,27.0,-5.0,
2082.0,2023.0,28.0,-5.0,
2058.0,2014.0,28.0,-6.0,
2060.0,1978.0,28.0,-6.0,
2033.0,2171.0,28.0,-6.0,
2032.0,2255.0,29.0,-6.0,
2039.0,2170.0,29.0,-6.0,
2073.0,2114.0,29.0,-6.0,
2088.0,2143.0,29.0,-6.0,
2066.0,2065.0,29.0,-6.0,
2068.0,2029.0,29.0,-5.0,
2078.0,1965.0,29.0,-5.0,
2064.0,2044.0,30.0,-5.0,
2066.0,2088.0,30.0,-5.0,
2068.0,2238.0,30.0,-5.0,
2054.0,2102.0,30.0,-5.0,
2044.0,2058.0,30.0,-5.0,
2080.0,2066.0,30.0,-5.0,
2076.0,2086.0,30.0,-5.0,
2089.0,2031.0,30.0,-4.0,
2060.0,2096.0,30.0,-4.0,
2081.0,2095.0,31.0,-4.0,
2082.0,2094.0,31.0,-4.0,
2072.0,2107.0,31.0,-4.0,
2080.0,2087.0,31.0,-4.0,
2088.0,2069.0,32.0,-4.0,
2087.0,2041.0,32.0,-4.0,
2064.0,2063.0,32.0,-4.0,
2075.0,2020.0,33.0,-4.0,
2072.0,2082.0,33.0,-4.0,
2095.0,1986.0,33.0,-4.0,
2098.0,2044.0,34.0,-4.0,
2083.0,2072.0,34.0,-4.0,
2085.0,2185.0,34.0,-4.0,
2060.0,2130.0,35.0,-4.0,
2080.0,2095.0,35.0,-4.0,
2100.0,2117.0,36.0,-4.0,
2131.0,2047.0,36.0,-4.0,
2110.0,2070.0,37.0,-4.0,
2073.0,2066.0,37.0,-4.0,
2031.0,2078.0,38.0,-4.0,
2023.0,2052.0,39.0,-4.0,
2029.0,2090.0,39.0,-4.0,
2052.0,2082.0,40.0,-3.0,
2033.0,1907.0,40.0,-3.0,
2048.0,1992.0,40.0,-3.0,
2095.0,2228.0,41.0,-3.0,
2085.0,2118.0,41.0,-3.0,
2075.0,2124.0,41.0,-3.0,
2087.0,2099.0,41.0,-3.0,
2113.0,2177.0,41.0,-2.0,
2095.0,2080.0,42.0,-2.0,
2107.0,2086.0,42.0,-2.0,
2099.0,2046.0,42.0,-2.0,
2080.0,2047.0,41.0,-2.0,
2076.0,2108.0,41.0,-2.0,
2067.0,2097.0,41.0,-3.0,
2038.0,2104.0,41.0,-2.0,
2062.0,2007.0,41.0,-2.0,
2041.0,2038.0,41.0,-2.0,
2045.0,2125.0,40.0,-2.0,
2074.0,2182.0,40.0,-2.0,
2056.0,2063.0,40.0,-2.0,
2058.0,2126.0,40.0,-3.0,
2075.0,1993.0,39.0,-3.0,
2096.0,1987.0,39.0,-3.0,
2087.0,2016.0,39.0,-3.0,
2089.0,2147.0,39.0,-3.0,
2075.0,2143.0,38.0,-4.0,
2026.0,2173.0,38.0,-5.0,
2053.0,2096.0,38.0,-5.0,
2049.0,2042.0,37.0,-6.0,
2086.0,1948.0,37.0,-6.0,
2084.0,2162.0,37.0,-5.0,
2062.0,2089.0,37.0,-5.0,
2081.0,2021.0,37.0,-5.0,
2069.0,2075.0,37.0,-5.0,
2069.0,2120.0,37.0,-4.0,
2067.0,2084.0,37.0,-5.0,
2074.0,2101.0,38.0,-5.0,
2083.0,2090.0,38.0,-5.0,
2082.0,2060.0,38.0,-5.0,
2096.0,2017.0,39.0,-5.0,
2093.0,2099.0,40.0,-5.0,
2077.0,2075.0,40.0,-6.0,
2027.0,2084.0,41.0,-6.0,
2026.0,2083.0,42.0,-6.0,
2046.0,2137.0,42.0,-6.0,
2061.0,2120.0,43.0,-5.0,
2054.0,2076.0,44.0,-4.0,
2068.0,2157.0,45.0,-4.0,
2107.0,2122.0,45.0,-4.0,
2080.0,2041.0,46.0,-4.0,
2096.0,2063.0,47.0,-4.0,
2108.0,2058.0,48.0,-3.0,
2058.0,2093.0,48.0,-3.0,
2063.0,2043.0,49.0,-3.0,
2061.0,2030.0,49.0,-4.0,
2058.0,2067.0,50.0,-4.0,
2067.0,2130.0,50.0,-4.0,
2066.0,2086.0,51.0,-4.0,
2060.0,2046.0,51.0,-3.0,
2090.0,2090.0,51.0,-3.0,
2128.0,2089.0,52.0,-3.0,
2113.0,1997.0,52.0,-3.0,
2087.0,1972.0,52.0,-3.0,
2075.0,2054.0,53.0,-3.0,
2052.0,2274.0,53.0,-3.0,
2039.0,2110.0,53.0,-3.0,
2061.0,2069.0,53.0,-3.0,
2056.0,2088.0,53.0,-3.0,
2056.0,2129.0,53.0,-3.0,
2092.0,2152.0,53.0,-3.0,
2091.0,2060.0,53.0,-3.0,
2097.0,2078.0,53.0,-3.0,
2101.0,2091.0,53.0,-3.0,
2071.0,2075.0,53.0,-4.0,
2088.0,2044.0,53.0,-5.0,
2079.0,1985.0,53.0,-4.0,
2087.0,1967.0,53.0,-3.0,
2059.0,2098.0,53.0,-4.0,
2036.0,2193.0,54.0,-3.0,
2038.0,2061.0,54.0,-3.0,
2064.0,2087.0,54.0,-3.0,
2069.0,2047.0,54.0,-4.0,
2058.0,2137.0,55.0,-5.0,
2059.0,2076.0,55.0,-3.0,
2104.0,2089.0,55.0,-3.0,
2077.0,2047.0,56.0,-3.0,
2076.0,1998.0,57.0,-4.0,
2064.0,1997.0,57.0,-4.0,
2097.0,2113.0,58.0,-4.0,
2047.0,2225.0,58.0,-4.0,
2091.0,2098.0,59.0,-4.0,
2067.0,2194.0,59.0,-4.0,
2080.0,2069.0,59.0,-4.0,
2058.0,2068.0,60.0,-3.0,
2067.0,2009.0,60.0,-3.0,
2088.0,2041.0,60.0,-3.0,
2078.0,1979.0,60.0,-3.0,
2092.0,2110.0,60.0,-3.0,
2097.0,2102.0,61.0,-3.0,
2103.0,2069.0,61.0,-3.0,
2095.0,2077.0,61.0,-3.0,
2102.0,2011.0,61.0,-3.0,
2065.0,2072.0,62.0,-3.0,
2043.0,2108.0,62.0,-3.0,
2039.0,2361.0,62.0,-2.0,
2056.0,2051.0,63.0,-2.0,
2038.0,2028.0,63.0,-2.0,
2068.0,2127.0,63.0,-2.0,
2101.0,2133.0,64.0,-2.0,
2074.0,2115.0,64.0,-2.0,
2048.0,2107.0,64.0,-2.0,
2038.0,2004.0,65.0,-2.0,
2023.0,1960.0,65.0,-2.0,
2057.0,1880.0,66.0,-2.0,
2073.0,2231.0,66.0,-2.0,
2134.0,1976.0,67.0,-2.0,
2106.0,2035.0,67.0,-2.0,
2103.0,2054.0,68.0,-2.0,
2117.0,2145.0,0,
2073.0,2128.0,69.0,-1.0,
2003.0,2069.0,69.0,-1.0,
2002.0,2024.0,70.0,0.0,
2026.0,2046.0,70.0,0.0,
2063.0,2076.0,71.0,0.0,
2055.0,2129.0,71.0,0.0,
2081.0,2058.0,72.0,0.0,
2077.0,2080.0,72.0,0.0,
2088.0,2108.0,73.0,0.0,
2103.0,2142.0,73.0,0.0,
2047.0,2096.0,73.0,0.0,
2026.0,2100.0,74.0,0.0,
2052.0,2060.0,74.0,0.0,
2056.0,2108.0,74.0,0.0,
2076.0,2071.0,74.0,0.0,
2112.0,2023.0,75.0,0.0,
2064.0,2072.0,75.0,0.0,
2097.0,2202.0,75.0,0.0,
2087.0,2124.0,75.0,0.0,
2090.0,1962.0,76.0,0.0,
2059.0,2091.0,76.0,0.0,
2092.0,2241.0,77.0,0.0,
2125.0,2080.0,77.0,0.0,
2081.0,2066.0,78.0,0.0,
2066.0,2057.0,79.0,0.0,
2040.0,2048.0,79.0,0.0,
2069.0,2061.0,80.0,0.0,
2078.0,2147.0,80.0,-1.0,
2049.0,2078.0,81.0,-1.0,
2060.0,2059.0,81.0,-1.0,
2077.0,2032.0,82.0,-1.0,
2070.0,1990.0,82.0,-1.0,
2085.0,1997.0,83.0,-1.0,
2080.0,2009.0,83.0,-1.0,
2075.0,2204.0,83.0,-1.0,
2020.0,2064.0,84.0,0.0,
2084.0,2043.0,84.0,0.0,
2078.0,2063.0,84.0,0.0,
2051.0,2252.0,85.0,0.0,
2064.0,2198.0,85.0,0.0,
2062.0,2094.0,85.0,0.0,
2055.0,2098.0,85.0,0.0,
2101.0,2128.0,85.0,0.0,
2059.0,2071.0,86.0,1.0,
2043.0,1982.0,86.0,1.0,
2069.0,1941.0,86.0,1.0,
2077.0,2128.0,86.0,1.0,
2103.0,2173.0,86.0,1.0,
2052.0,2105.0,86.0,1.0,
2081.0,2117.0,86.0,1.0,
2084.0,2037.0,87.0,1.0,
2090.0,2032.0,87.0,1.0,
2057.0,1970.0,88.0,1.0,
2062.0,2079.0,88.0,1.0,
2104.0,2069.0,88.0,1.0,
2083.0,2090.0,89.0,1.0,
2076.0,2099.0,0,
2112.0,2189.0,89.0,2.0,
2077.0,2078.0,90.0,2.0,
2032.0,1939.0,90.0,2.0,
2040.0,1925.0,91.0,2.0,
2065.0,2159.0,92.0,2.0,
2079.0,2195.0,92.0,2.0,
2067.0,2043.0,93.0,2.0,
2133.0,2086.0,94.0,2.0,
2054.0,2167.0,95.0,2.0,
2036.0,2118.0,95.0,2.0,
2041.0,2064.0,96.0,2.0,
2058.0,2043.0,97.0,2.0,
2091.0,2116.0,97.0,2.0,
2100.0,2017.0,98.0,2.0,
2082.0,2098.0,98.0,2.0,
2062.0,2113.0,98.0,2.0,
2082.0,2078.0,98.0,2.0,
2057.0,2118.0,0,
2083.0,2156.0,98.0,2.0,
2117.0,2293.0,98.0,2.0,
2114.0,1879.0,98.0,2.0,
2097.0,1943.0,98.0,2.0,
2150.0,2053.0,97.0,2.0,
2090.0,2183.0,97.0,2.0,
2000.0,2076.0,97.0,2.0,
2080.0,2108.0,97.0,2.0,
2014.0,2073.0,97.0,2.0,
1978.0,2093.0,97.0,2.0,
2025.0,2095.0,98.0,2.0,
2056.0,2058.0,98.0,2.0,
2093.0,2067.0,98.0,2.0,
2075.0,2115.0,98.0,2.0,
2060.0,2172.0,98.0,2.0,
2101.0,2101.0,99.0,2.0,
2093.0,1970.0,99.0,2.0,
2078.0,1969.0,99.0,2.0,
2080.0,2097.0,99.0,2.0,
2108.0,2067.0,99.0,1.0,
2102.0,2147.0,100.0,1.0,
2116.0,2102.0,100.0,1.0,
2046.0,2073.0,100.0,1.0,
2050.0,2016.0,101.0,2.0,
2098.0,2171.0,101.0,2.0,
2128.0,2006.0,102.0,2.0,
2059.0,1925.0,102.0,3.0,
2040.0,2022.0,103.0,3.0,
2045.0,2236.0,104.0,3.0,
2016.0,2365.0,105.0,3.0,
2026.0,2155.0,106.0,4.0,
2065.0,1903.0,106.0,4.0,
2094.0,2146.0,107.0,4.0,
2068.0,2178.0,108.0,4.0,
2048.0,2021.0,109.0,5.0,
2063.0,2055.0,110.0,5.0,
2039.0,2108.0,110.0,4.0,
2035.0,2004.0,111.0,5.0,
2110.0,2133.0,111.0,5.0,
2124.0,2060.0,112.0,5.0,
2035.0,2073.0,112.0,5.0,
2045.0,2119.0,112.0,4.0,
2093.0,2177.0,112.0,5.0,
2125.0,2047.0,113.0,6.0,
2074.0,2110.0,113.0,6.0,
2065.0,1968.0,113.0,6.0,
2082.0,1988.0,113.0,6.0,
2092.0,2018.0,113.0,6.0,
2076.0,1897.0,113.0,6.0,
2075.0,2079.0,113.0,6.0,
2085.0,2122.0,113.0,7.0,
2096.0,2283.0,113.0,7.0,
2105.0,2068.0,112.0,7.0,
2107.0,2127.0,112.0,6.0,
2093.0,1976.0,112.0,6.0,
2063.0,2139.0,111.0,6.0,
2066.0,2198.0,111.0,6.0,
2046.0,2163.0,111.0,6.0,
2120.0,2016.0,110.0,6.0,
2049.0,2017.0,110.0,6.0,
2037.0,2089.0,110.0,7.0,
2016.0,1999.0,109.0,7.0,
2059.0,2008.0,109.0,7.0,
2032.0,2027.0,109.0,7.0,
2042.0,2050.0,109.0,7.0,
2113.0,2048.0,110.0,7.0,
2072.0,2028.0,110.0,7.0,
2041.0,2140.0,110.0,7.0,
2093.0,2011.0,111.0,7.0,
2091.0,2042.0,112.0,7.0,
2016.0,2124.0,112.0,7.0,
2060.0,2219.0,113.0,7.0,
2087.0,2072.0,114.0,7.0,
2123.0,2242.0,115.0,7.0,
2093.0,2131.0,116.0,7.0,
1979.0,2071.0,117.0,6.0,
2057.0,2060.0,118.0,6.0,
2088.0,2076.0,119.0,6.0,
2033.0,2065.0,120.0,6.0,
2078.0,2062.0,121.0,6.0,
2057.0,1903.0,122.0,6.0,
2121.0,2131.0,123.0,6.0,
2096.0,2132.0,124.0,6.0,
2092.0,2107.0,125.0,6.0,
2137.0,2116.0,126.0,6.0,
2006.0,2109.0,126.0,5.0,
2085.0,2109.0,125.0,6.0,
2056.0,2187.0,127.0,7.0,
2037.0,2005.0,127.0,7.0,
2051.0,2042.0,128.0,8.0,
2078.0,2241.0,127.0,8.0,
2064.0,1877.0,127.0,8.0,
2066.0,1991.0,127.0,8.0,
2068.0,2080.0,127.0,9.0,
2090.0,2289.0,127.0,9.0,
2092.0,2103.0,126.0,11.0,
2133.0,2041.0,128.0,11.0,
2118.0,2018.0,126.0,10.0,
2130.0,2120.0,125.0,10.0,
2098.0,2026.0,125.0,10.0,
2057.0,1986.0,123.0,10.0,
2093.0,2121.0,124.0,10.0,
2108.0,1971.0,123.0,10.0,
2008.0,1951.0,122.0,10.0,
1992.0,2137.0,122.0,10.0,
2116.0,2023.0,121.0,10.0,
2057.0,2266.0,121.0,10.0,
2062.0,2158.0,121.0,9.0,
2122.0,2030.0,121.0,9.0,
2074.0,2050.0,120.0,9.0,
2064.0,2088.0,121.0,10.0,
2050.0,1968.0,120.0,9.0,
2088.0,1941.0,121.0,9.0,
2123.0,2242.0,121.0,9.0,
2029.0,2439.0,121.0,8.0,
2063.0,2071.0,122.0,8.0,
2048.0,2079.0,122.0,8.0,
2084.0,2107.0,123.0,8.0,
2152.0,1903.0,124.0,8.0,
2062.0,2058.0,125.0,8.0,
1916.0,1862.0,126.0,9.0,
2108.0,2328.0,127.0,9.0,
2091.0,2189.0,128.0,9.0,
2068.0,2049.0,129.0,9.0,
2073.0,2003.0,130.0,9.0,
2061.0,2089.0,131.0,10.0,
2108.0,2090.0,132.0,9.0,
2086.0,2001.0,132.0,8.0,
2024.0,2213.0,133.0,9.0,
2066.0,2088.0,134.0,9.0,
2086.0,1941.0,135.0,9.0,
2045.0,1896.0,136.0,10.0,
2117.0,1971.0,137.0,10.0,
2132.0,2144.0,137.0,10.0,
2056.0,2131.0,137.0,10.0,
2086.0,2171.0,137.0,10.0,
2010.0,2158.0,137.0,11.0,
2036.0,2083.0,137.0,12.0,
2013.0,2092.0,137.0,11.0,
2054.0,2069.0,136.0,11.0,
2103.0,2042.0,136.0,11.0,
2061.0,2089.0,135.0,11.0,
2047.0,2065.0,135.0,11.0,
2112.0,2172.0,135.0,11.0,
2080.0,1981.0,134.0,11.0,
2085.0,2265.0,134.0,11.0,
2121.0,2133.0,134.0,10.0,
2096.0,1958.0,133.0,11.0,
2067.0,1962.0,133.0,11.0,
2052.0,2219.0,133.0,11.0,
2114.0,2213.0,132.0,11.0,
2108.0,2057.0,132.0,11.0,
2102.0,1887.0,132.0,12.0,
1986.0,2034.0,132.0,12.0,
2040.0,1901.0,132.0,12.0,
2140.0,2020.0,133.0,12.0,
2183.0,2078.0,132.0,13.0,
2108.0,2008.0,133.0,12.0,
1993.0,2286.0,133.0,11.0,
2007.0,2455.0,132.0,12.0,
2021.0,2184.0,132.0,12.0,
2034.0,2141.0,133.0,12.0,
2089.0,2050.0,133.0,12.0,
2058.0,1853.0,133.0,12.0,
2279.0,1968.0,133.0,12.0,
2127.0,2049.0,134.0,12.0,
1966.0,2346.0,134.0,12.0,
1981.0,2152.0,135.0,12.0,
1996.0,2074.0,136.0,13.0,
2052.0,2095.0,136.0,13.0,
2030.0,1892.0,137.0,13.0,
2227.0,2034.0,138.0,13.0,
2197.0,2132.0,138.0,13.0,
1998.0,2093.0,140.0,13.0,
2026.0,2128.0,140.0,14.0,
1987.0,2189.0,141.0,14.0,
2014.0,2195.0,141.0,14.0,
2045.0,2094.0,141.0,14.0,
2040.0,2050.0,142.0,14.0,
2020.0,1990.0,142.0,14.0,
2136.0,1586.0,142.0,14.0,
2217.0,2301.0,142.0,14.0,
2010.0,2133.0,142.0,13.0,
2077.0,2234.0,141.0,13.0,
2089.0,2232.0,141.0,13.0,
2085.0,2112.0,142.0,14.0,
2115.0,2049.0,142.0,14.0,
2147.0,2081.0,142.0,15.0,
2141.0,1859.0,141.0,14.0,
2140.0,2266.0,140.0,13.0,
2008.0,1865.0,140.0,13.0,
1983.0,2377.0,140.0,13.0,
2041.0,1976.0,140.0,13.0,
2153.0,1851.0,140.0,13.0,
2109.0,1948.0,139.0,13.0,
1979.0,2102.0,139.0,13.0,
2038.0,2369.0,138.0,12.0,
2136.0,2141.0,137.0,12.0,
2211.0,1960.0,138.0,13.0,
1969.0,1943.0,138.0,13.0,
2070.0,2245.0,138.0,13.0,
2064.0,2212.0,138.0,13.0,
2078.0,2073.0,138.0,12.0,
2112.0,1907.0,138.0,12.0,
2157.0,2036.0,138.0,12.0,
2152.0,1921.0,138.0,12.0,
2041.0,2239.0,139.0,12.0,
1830.0,2238.0,139.0,12.0,
1950.0,2206.0,139.0,12.0,
2073.0,2015.0,139.0,12.0,
2038.0,2001.0,140.0,12.0,
2123.0,1925.0,140.0,12.0,
2105.0,2153.0,140.0,13.0,
2271.0,2099.0,140.0,12.0,
1990.0,2101.0,140.0,12.0,
1995.0,2301.0,140.0,12.0,
2064.0,1824.0,141.0,13.0,
2213.0,2004.0,141.0,13.0,
1932.0,2466.0,142.0,13.0,
1971.0,2146.0,143.0,14.0,
2014.0,2149.0,144.0,14.0,
2126.0,2086.0,142.0,12.0,
2134.0,1958.0,145.0,13.0,
2020.0,2009.0,147.0,14.0,
2110.0,1895.0,148.0,15.0,
2236.0,1810.0,149.0,15.0,
1980.0,2053.0,148.0,15.0,
2132.0,2233.0,148.0,15.0,
2085.0,2210.0,148.0,15.0,
2071.0,2150.0,147.0,15.0,
2020.0,2037.0,144.0,14.0,
2061.0,2083.0,146.0,15.0,
2062.0,2241.0,144.0,14.0,
2056.0,1940.0,143.0,14.0,
2265.0,1946.0,141.0,13.0,
2054.0,2292.0,139.0,12.0,
1927.0,2056.0,142.0,13.0,
2055.0,2021.0,143.0,16.0,
2070.0,2091.0,149.0,13.0,
2089.0,2135.0,147.0,11.0,
2031.0,2015.0,148.0,10.0,
2077.0,2046.0,148.0,11.0,
2073.0,1993.0,148.0,11.0,
2177.0,1680.0,148.0,12.0,
2206.0,1830.0,148.0,12.0,
1959.0,2469.0,149.0,12.0,
1932.0,2318.0,145.0,11.0,
2031.0,2153.0,145.0,7.0,
2074.0,2122.0,139.0,11.0,
2031.0,1889.0,140.0,13.0,
2050.0,2017.0,141.0,13.0,
2061.0,1905.0,140.0,13.0,
2049.0,2097.0,140.0,13.0,
2118.0,2095.0,140.0,13.0,
2135.0,2244.0,140.0,13.0,
2089.0,2353.0,141.0,12.0,
2105.0,2169.0,141.0,12.0,
2193.0,1710.0,140.0,12.0,
2030.0,2116.0,140.0,12.0,
2043.0,2345.0,141.0,13.0,
1992.0,2118.0,141.0,13.0,
1984.0,2120.0,141.0,14.0,
2054.0,2014.0,141.0,14.0,
2082.0,1840.0,141.0,14.0,
2078.0,2008.0,141.0,14.0,
2114.0,2212.0,142.0,15.0,
2025.0,2209.0,142.0,15.0,
2093.0,1948.0,142.0,15.0,
2100.0,2021.0,142.0,15.0,
2062.0,2027.0,143.0,15.0,
2215.0,2351.0,143.0,16.0,
2015.0,1930.0,144.0,16.0,
1988.0,1983.0,144.0,16.0,
2119.0,2037.0,144.0,16.0,
2025.0,1984.0,0,
2130.0,2043.0,145.0,17.0,
2080.0,2384.0,145.0,17.0,
1958.0,2231.0,146.0,16.0,
2032.0,2023.0,146.0,17.0,
2088.0,2074.0,147.0,17.0,
2084.0,1974.0,147.0,17.0,
2103.0,1905.0,147.0,16.0,
2168.0,1867.0,147.0,16.0,
2143.0,2028.0,147.0,15.0,
2070.0,2238.0,147.0,15.0,
2119.0,2160.0,148.0,16.0,
2014.0,2373.0,148.0,16.0,
1951.0,2178.0,147.0,15.0,
2047.0,2086.0,147.0,15.0,
2057.0,2088.0,146.0,15.0,
2069.0,2069.0,146.0,15.0,
2146.0,1990.0,145.0,14.0,
2162.0,1837.0,145.0,14.0,
2111.0,2147.0,145.0,14.0,
2017.0,2091.0,145.0,14.0,
1975.0,2042.0,145.0,14.0,
2053.0,2233.0,144.0,14.0,
2016.0,2085.0,145.0,14.0,
2107.0,2150.0,145.0,14.0,
2070.0,1848.0,144.0,13.0,
2092.0,2208.0,145.0,13.0,
2033.0,2196.0,145.0,14.0,
2057.0,2038.0,146.0,14.0,
2032.0,2074.0,146.0,14.0,
2120.0,2050.0,146.0,14.0,
2051.0,2006.0,146.0,14.0,
2164.0,2357.0,147.0,14.0,
2053.0,1845.0,148.0,14.0,
2111.0,2296.0,148.0,15.0,
2114.0,2081.0,149.0,15.0,
2058.0,2165.0,150.0,15.0,
2095.0,1817.0,150.0,15.0,
2178.0,1861.0,151.0,15.0,
2020.0,2189.0,151.0,15.0,
2071.0,1998.0,151.0,15.0,
2089.0,2118.0,152.0,16.0,
1971.0,2150.0,152.0,16.0,
1991.0,2167.0,153.0,17.0,
2073.0,2177.0,152.0,16.0,
2057.0,1850.0,152.0,16.0,
2055.0,2042.0,153.0,16.0,
2071.0,2148.0,153.0,17.0,
2074.0,2146.0,153.0,17.0,
2072.0,2009.0,153.0,17.0,
2060.0,2105.0,153.0,17.0,
2114.0,1887.0,153.0,16.0,
2087.0,1860.0,154.0,16.0,
2216.0,2161.0,154.0,16.0,
2024.0,2273.0,154.0,16.0,
1995.0,2029.0,154.0,16.0,
2031.0,2140.0,154.0,16.0,
1999.0,2481.0,153.0,15.0,
2054.0,1919.0,153.0,15.0,
2049.0,1482.0,153.0,16.0,
2262.0,2113.0,153.0,15.0,
2086.0,2360.0,152.0,15.0,
1954.0,2286.0,152.0,15.0,
1997.0,2233.0,151.0,15.0,
2079.0,2084.0,151.0,14.0,
2113.0,2084.0,151.0,14.0,
2034.0,1977.0,151.0,14.0,
2048.0,2065.0,151.0,14.0,
2116.0,2247.0,151.0,14.0,
2072.0,2048.0,150.0,13.0,
2059.0,2035.0,151.0,13.0,
2054.0,2005.0,150.0,13.0,
2107.0,2021.0,151.0,13.0,
2111.0,2053.0,150.0,13.0,
2065.0,1978.0,150.0,14.0,
2177.0,2118.0,0,
1987.0,2222.0,150.0,14.0,
2017.0,2121.0,150.0,14.0,
2034.0,2069.0,150.0,14.0,
2067.0,1954.0,149.0,14.0,
2086.0,2173.0,149.0,14.0,
2136.0,2066.0,149.0,15.0,
2123.0,2014.0,149.0,15.0,
2106.0,1993.0,148.0,15.0,
2042.0,2022.0,148.0,15.0,
2099.0,2048.0,149.0,15.0,
2175.0,2109.0,149.0,15.0,
1997.0,2217.0,149.0,16.0,
2005.0,2151.0,149.0,16.0,
2061.0,2130.0,150.0,16.0,
2088.0,1977.0,150.0,16.0,
2018.0,2103.0,149.0,16.0,
2022.0,2250.0,150.0,16.0,
2027.0,2151.0,150.0,16.0,
2082.0,2062.0,150.0,16.0,
2083.0,2090.0,150.0,16.0,
2136.0,1927.0,150.0,16.0,
2074.0,2040.0,151.0,16.0,
2111.0,2143.0,151.0,16.0,
2085.0,2092.0,151.0,16.0,
2066.0,1874.0,150.0,15.0,
2077.0,2170.0,150.0,15.0,
2075.0,2105.0,150.0,15.0,
2044.0,1979.0,150.0,16.0,
2101.0,1970.0,150.0,16.0,
2104.0,2155.0,150.0,16.0,
2083.0,2171.0,150.0,16.0,
2036.0,2248.0,150.0,16.0,
2059.0,2174.0,149.0,16.0,
2121.0,2068.0,149.0,15.0,
2100.0,2065.0,149.0,15.0,
2048.0,2058.0,149.0,15.0,
2084.0,2111.0,150.0,15.0,
2047.0,2118.0,150.0,15.0,
2066.0,2043.0,150.0,14.0,
2078.0,2017.0,150.0,13.0,
2127.0,2081.0,150.0,13.0,
2076.0,2060.0,150.0,14.0,
1996.0,1932.0,150.0,14.0,
2073.0,2165.0,150.0,14.0,
2097.0,2134.0,150.0,14.0,
2021.0,2107.0,150.0,14.0,
2071.0,2144.0,149.0,14.0,
2077.0,2109.0,149.0,14.0,
2031.0,2087.0,149.0,15.0,
2063.0,2066.0,149.0,15.0,
2057.0,2056.0,148.0,15.0,
2107.0,2054.0,148.0,15.0,
2124.0,1963.0,148.0,16.0,
2089.0,2192.0,148.0,16.0,
2046.0,2038.0,148.0,15.0,
2074.0,2137.0,148.0,16.0,
2074.0,2206.0,149.0,16.0,
2081.0,1961.0,149.0,16.0,
2054.0,2044.0,149.0,16.0,
2088.0,2199.0,149.0,16.0,
2090.0,2072.0,150.0,16.0,
2081.0,1987.0,150.0,16.0,
2109.0,2065.0,150.0,16.0,
2091.0,2029.0,151.0,16.0,
2127.0,2035.0,151.0,16.0,
2055.0,2146.0,151.0,16.0,
2062.0,2062.0,151.0,16.0,
2044.0,2059.0,151.0,16.0,
2050.0,2099.0,151.0,16.0,
2043.0,2045.0,150.0,16.0,
2043.0,2290.0,150.0,16.0,
2084.0,1975.0,150.0,16.0,
2076.0,2116.0,150.0,15.0,
2096.0,2076.0,150.0,15.0,
2116.0,1954.0,149.0,15.0,
2083.0,2023.0,149.0,15.0,
2069.0,2055.0,149.0,15.0,
2072.0,2076.0,149.0,15.0,
2070.0,2058.0,0,
2077.0,2131.0,149.0,15.0,
2071.0,2102.0,148.0,14.0,
2091.0,2091.0,149.0,15.0,
2082.0,2120.0,148.0,14.0,
2047.0,2080.0,148.0,15.0,
2066.0,2106.0,148.0,15.0,
2099.0,2076.0,147.0,15.0,
2024.0,2072.0,147.0,15.0,
2039.0,2093.0,146.0,15.0,
2038.0,2079.0,146.0,14.0,
2059.0,2064.0,145.0,15.0,
2044.0,2046.0,145.0,15.0,
2050.0,2071.0,144.0,15.0,
2078.0,2092.0,144.0,15.0,
2101.0,2050.0,144.0,15.0,
2046.0,2103.0,144.0,14.0,
2078.0,2153.0,143.0,14.0,
2086.0,2117.0,144.0,15.0,
2064.0,2128.0,0,
2059.0,2103.0,144.0,15.0,
2061.0,2100.0,144.0,15.0,
2087.0,2094.0,144.0,15.0,
2120.0,1947.0,144.0,15.0,
2090.0,1969.0,144.0,15.0,
2075.0,1987.0,145.0,15.0,
2094.0,2156.0,145.0,15.0,
2081.0,2153.0,146.0,15.0,
2105.0,2099.0,146.0,15.0,
2073.0,2079.0,147.0,15.0,
2077.0,1988.0,147.0,15.0,
2108.0,2195.0,148.0,15.0,
2060.0,2020.0,148.0,14.0,
2047.0,2140.0,149.0,14.0,
2034.0,2139.0,149.0,14.0,
2069.0,2044.0,150.0,14.0,
2099.0,2098.0,151.0,14.0,
2103.0,2089.0,151.0,14.0,
2048.0,2099.0,152.0,14.0,
2041.0,2209.0,152.0,13.0,
2055.0,2008.0,152.0,13.0,
2048.0,1960.0,152.0,13.0,
2077.0,2033.0,153.0,13.0,
2073.0,2047.0,152.0,13.0,
2082.0,2060.0,152.0,13.0,
2070.0,2052.0,151.0,13.0,
2053.0,2063.0,150.0,13.0,
2074.0,2091.0,149.0,13.0,
2089.0,2095.0,148.0,13.0,
2093.0,2119.0,146.0,13.0,
2091.0,2027.0,145.0,13.0,
2104.0,2041.0,144.0,14.0,
2087.0,2064.0,142.0,13.0,
2084.0,2171.0,141.0,13.0,
2034.0,2118.0,140.0,13.0,
2032.0,2112.0,139.0,13.0,
2049.0,2148.0,138.0,13.0,
2056.0,2052.0,137.0,14.0,
2032.0,2058.0,136.0,14.0,
2049.0,2045.0,136.0,14.0,
2062.0,2047.0,135.0,14.0,
2054.0,2109.0,134.0,14.0,
2083.0,2134.0,134.0,14.0,
2072.0,2072.0,134.0,14.0,
2073.0,1996.0,133.0,14.0,
2041.0,2073.0,133.0,14.0,
2073.0,2064.0,133.0,14.0,
2079.0,2094.0,132.0,14.0,
2085.0,2137.0,132.0,14.0,
2102.0,2271.0,132.0,14.0,
2034.0,2010.0,133.0,14.0,
2076.0,2027.0,133.0,14.0,
2092.0,2051.0,133.0,14.0,
2082.0,2058.0,134.0,14.0,
2085.0,2080.0,134.0,14.0,
2091.0,2035.0,135.0,14.0,
2073.0,2062.0,136.0,14.0,
2063.0,2107.0,137.0,14.0,
2089.0,2080.0,138.0,14.0,
2084.0,2134.0,139.0,14.0,
2068.0,2093.0,140.0,13.0,
2076.0,2081.0,141.0,13.0,
2086.0,2070.0,142.0,13.0,
2070.0,2075.0,143.0,13.0,
2049.0,2081.0,144.0,13.0,
2074.0,2093.0,145.0,13.0,
2083.0,2118.0,146.0,13.0,
2070.0,2044.0,146.0,13.0,
2082.0,2073.0,147.0,12.0,
2078.0,2075.0,147.0,12.0,
2066.0,2142.0,147.0,12.0,
2066.0,2128.0,147.0,12.0,
2077.0,2097.0,147.0,12.0,
2064.0,2111.0,146.0,12.0,
2093.0,2014.0,146.0,11.0,
2102.0,1998.0,145.0,11.0,
2060.0,2057.0,144.0,11.0,
2077.0,2076.0,143.0,11.0,
2067.0,2074.0,142.0,11.0,
2096.0,2088.0,141.0,11.0,
2044.0,2079.0,140.0,11.0,
2056.0,2051.0,139.0,11.0,
2059.0,2125.0,138.0,11.0,
2057.0,2099.0,137.0,11.0,
2041.0,2094.0,136.0,11.0,
2069.0,2098.0,135.0,11.0,
2096.0,2119.0,134.0,11.0,
2087.0,2135.0,134.0,11.0,
2096.0,2068.0,133.0,11.0,
2069.0,2061.0,133.0,10.0,
2010.0,2032.0,132.0,10.0,
2018.0,2089.0,131.0,10.0,
2064.0,2069.0,131.0,11.0,
2087.0,2106.0,130.0,11.0,
2118.0,2070.0,129.0,11.0,
2119.0,2071.0,129.0,11.0,
2099.0,2055.0,128.0,11.0,
2059.0,2041.0,127.0,11.0,
2043.0,2076.0,127.0,11.0,
2061.0,2094.0,126.0,11.0,
2049.0,2034.0,125.0,11.0,
2020.0,2044.0,125.0,12.0,
2062.0,2138.0,124.0,12.0,
2070.0,2215.0,124.0,12.0,
2095.0,2113.0,123.0,12.0,
2104.0,2086.0,123.0,12.0,
2063.0,2080.0,123.0,12.0,
2085.0,2071.0,123.0,13.0,
2087.0,2095.0,123.0,13.0,
2086.0,2098.0,123.0,13.0,
2066.0,2102.0,124.0,13.0,
2090.0,2081.0,124.0,13.0,
2092.0,2064.0,124.0,13.0,
2095.0,2090.0,125.0,13.0,
2093.0,2065.0,125.0,13.0,
2080.0,2107.0,125.0,12.0,
2075.0,2094.0,126.0,12.0,
2095.0,2020.0,126.0,12.0,
2064.0,2035.0,126.0,12.0,
2070.0,2085.0,126.0,12.0,
2082.0,2137.0,126.0,11.0,
2037.0,2085.0,126.0,11.0,
2116.0,2063.0,127.0,11.0,
2098.0,2083.0,126.0,10.0,
2092.0,2030.0,126.0,10.0,
2107.0,2082.0,126.0,10.0,
2069.0,2124.0,126.0,10.0,
2039.0,2096.0,126.0,9.0,
2035.0,2057.0,125.0,9.0,
2044.0,2025.0,125.0,9.0,
1992.0,2051.0,125.0,8.0,
2016.0,2082.0,124.0,8.0,
2033.0,2064.0,124.0,8.0,
2051.0,2069.0,124.0,8.0,
2062.0,2089.0,123.0,8.0,
2075.0,2168.0,123.0,8.0,
2088.0,2099.0,123.0,8.0,
2081.0,2076.0,123.0,8.0,
2045.0,2080.0,122.0,8.0,
2065.0,2059.0,122.0,8.0,
2074.0,2087.0,122.0,9.0,
2099.0,2089.0,121.0,9.0,
2098.0,2081.0,121.0,9.0,
2086.0,2091.0,121.0,9.0,
2104.0,2108.0,121.0,9.0,
2075.0,2099.0,121.0,9.0,
2084.0,2055.0,121.0,9.0,
2110.0,2049.0,121.0,9.0,
2113.0,2037.0,121.0,9.0,
2074.0,2108.0,121.0,9.0,
2035.0,2059.0,121.0,9.0,
2057.0,2030.0,121.0,9.0,
2068.0,2146.0,121.0,9.0,
2103.0,2136.0,121.0,10.0,
2100.0,2076.0,121.0,10.0,
2082.0,2092.0,121.0,10.0,
2077.0,2073.0,121.0,10.0,
2055.0,2073.0,121.0,10.0,
2051.0,2071.0,121.0,11.0,
2028.0,2068.0,121.0,11.0,
2052.0,2075.0,121.0,11.0,
2056.0,2080.0,121.0,11.0,
2061.0,2130.0,121.0,11.0,
2079.0,2081.0,121.0,11.0,
2067.0,2141.0,121.0,11.0,
2066.0,2127.0,121.0,11.0,
2096.0,2089.0,120.0,11.0,
2086.0,2041.0,120.0,11.0,
2038.0,2035.0,120.0,11.0,
2055.0,2041.0,120.0,10.0,
2078.0,2122.0,119.0,10.0,
2115.0,2108.0,119.0,10.0,
2082.0,2063.0,119.0,9.0,
2062.0,2051.0,118.0,9.0,
2004.0,2081.0,118.0,9.0,
2045.0,2058.0,118.0,8.0,
2072.0,2056.0,117.0,8.0,
2132.0,2061.0,117.0,8.0,
2123.0,2086.0,117.0,8.0,
2057.0,2073.0,117.0,7.0,
2036.0,2082.0,116.0,7.0,
2028.0,2110.0,115.0,7.0,
2057.0,2086.0,115.0,7.0,
2080.0,2079.0,115.0,7.0,
2088.0,2118.0,114.0,7.0,
2093.0,2120.0,114.0,7.0,
2101.0,2086.0,114.0,7.0,
2051.0,2033.0,114.0,7.0,
2027.0,1998.0,113.0,7.0,
2054.0,2067.0,113.0,7.0,
2076.0,2126.0,113.0,7.0,
2084.0,2149.0,113.0,7.0,
2088.0,2143.0,113.0,7.0,
2085.0,2092.0,113.0,7.0,
2106.0,2109.0,113.0,7.0,
2097.0,2124.0,112.0,7.0,
2076.0,2079.0,112.0,7.0,
2064.0,1979.0,112.0,7.0,
2063.0,2061.0,112.0,7.0,
2049.0,2116.0,111.0,7.0,
2074.0,2192.0,111.0,7.0,
2083.0,2115.0,111.0,7.0,
2052.0,2030.0,111.0,8.0,
2051.0,2069.0,111.0,8.0,
2062.0,2122.0,111.0,8.0,
2070.0,2087.0,110.0,8.0,
2086.0,2067.0,110.0,8.0,
2132.0,2063.0,110.0,8.0,
2096.0,2044.0,110.0,8.0,
2098.0,2028.0,109.0,9.0,
2081.0,2034.0,109.0,9.0,
2092.0,2092.0,109.0,9.0,
2078.0,2111.0,109.0,9.0,
2048.0,2092.0,108.0,9.0,
2042.0,2078.0,108.0,8.0,
2045.0,2078.0,108.0,8.0,
2058.0,2092.0,108.0,8.0,
2056.0,2064.0,108.0,8.0,
2067.0,2026.0,107.0,8.0,
2056.0,2046.0,107.0,7.0,
2059.0,2061.0,107.0,7.0,
2046.0,2119.0,106.0,6.0,
2067.0,2124.0,106.0,5.0,
2077.0,2124.0,105.0,5.0,
2080.0,2084.0,105.0,5.0,
2081.0,2059.0,104.0,4.0,
2095.0,2082.0,103.0,4.0,
2081.0,2108.0,103.0,4.0,
2079.0,2076.0,102.0,4.0,
2068.0,2097.0,102.0,3.0,
2074.0,2084.0,101.0,3.0,
2075.0,2071.0,101.0,4.0,
2105.0,2096.0,100.0,4.0,
2072.0,2070.0,100.0,4.0,
2058.0,2037.0,100.0,4.0,
2072.0,2048.0,99.0,4.0,
2100.0,2128.0,99.0,5.0,
2077.0,2079.0,99.0,5.0,
2062.0,2049.0,99.0,5.0,
2041.0,2099.0,99.0,5.0,
2067.0,2157.0,99.0,5.0,
2096.0,2109.0,98.0,5.0,
2106.0,2084.0,98.0,5.0,
2097.0,2075.0,98.0,5.0,
2067.0,2060.0,98.0,5.0,
2100.0,2030.0,98.0,5.0,
2085.0,2054.0,98.0,5.0,
2064.0,2089.0,98.0,5.0,
2063.0,2122.0,99.0,5.0,
2040.0,2105.0,98.0,5.0,
2070.0,1999.0,98.0,6.0,
2062.0,1974.0,98.0,6.0,
2020.0,2013.0,98.0,6.0,
2093.0,2151.0,98.0,6.0,
2093.0,2227.0,97.0,6.0,
2031.0,2180.0,97.0,7.0,
2061.0,2056.0,97.0,6.0,
2072.0,2025.0,96.0,7.0,
1985.0,1978.0,95.0,7.0,
2051.0,2035.0,95.0,6.0,
2091.0,2268.0,94.0,6.0,
2072.0,2123.0,94.0,5.0,
2089.0,2127.0,94.0,5.0,
2086.0,2070.0,93.0,5.0,
2055.0,2049.0,93.0,4.0,
2060.0,2045.0,93.0,3.0,
2082.0,2062.0,92.0,4.0,
2120.0,2092.0,92.0,3.0,
2124.0,2133.0,92.0,3.0,
2141.0,2099.0,92.0,3.0,
2092.0,2054.0,92.0,3.0,
2077.0,2013.0,92.0,3.0,
2071.0,2050.0,91.0,3.0,
2053.0,2082.0,91.0,4.0,
2042.0,2098.0,91.0,4.0,
2078.0,2078.0,91.0,4.0,
2088.0,2032.0,90.0,4.0,
2074.0,2023.0,90.0,4.0,
2075.0,2017.0,90.0,4.0,
2089.0,2108.0,89.0,5.0,
2046.0,2074.0,89.0,5.0,
2035.0,2126.0,89.0,5.0,
2051.0,2102.0,89.0,4.0,
2088.0,2085.0,88.0,4.0,
2087.0,2092.0,88.0,4.0,
2070.0,2104.0,87.0,5.0,
2089.0,2079.0,87.0,5.0,
2077.0,2129.0,87.0,5.0,
2070.0,2065.0,87.0,5.0,
2070.0,2103.0,86.0,5.0,
2047.0,2092.0,86.0,4.0,
2053.0,2088.0,86.0,5.0,
2068.0,2067.0,86.0,5.0,
2094.0,2092.0,86.0,5.0,
2099.0,2169.0,85.0,5.0,
2088.0,2109.0,85.0,5.0,
2089.0,2103.0,85.0,5.0,
2079.0,2075.0,85.0,5.0,
2071.0,2046.0,85.0,5.0,
2090.0,2076.0,85.0,5.0,
2116.0,2048.0,84.0,5.0,
2081.0,2116.0,84.0,6.0,
2043.0,2077.0,84.0,5.0,
2020.0,2030.0,84.0,5.0,
2059.0,1998.0,83.0,5.0,
2098.0,2059.0,83.0,5.0,
2071.0,2042.0,83.0,5.0,
2114.0,2068.0,83.0,5.0,
2075.0,2052.0,82.0,5.0,
1996.0,2009.0,82.0,4.0,
1997.0,2037.0,82.0,3.0,
2089.0,2146.0,82.0,3.0,
2086.0,2169.0,81.0,3.0,
2087.0,2124.0,81.0,2.0,
2086.0,2056.0,81.0,2.0,
2064.0,2019.0,81.0,2.0,
2018.0,2119.0,81.0,1.0,
1996.0,2115.0,80.0,1.0,
2041.0,2172.0,80.0,2.0,
2078.0,2060.0,80.0,2.0,
2099.0,2108.0,80.0,2.0,
2107.0,2131.0,0,
2102.0,2079.0,79.0,1.0,
2085.0,2026.0,79.0,1.0,
2069.0,2020.0,79.0,1.0,
2110.0,2096.0,78.0,1.0,
2078.0,2043.0,78.0,1.0,
2072.0,2031.0,78.0,0.0,
2053.0,1970.0,78.0,0.0,
2064.0,2048.0,78.0,0.0,
2084.0,2204.0,77.0,0.0,
2109.0,2271.0,77.0,0.0,
2086.0,2159.0,77.0,0.0,
2085.0,2096.0,77.0,0.0,
2097.0,2114.0,76.0,0.0,
2094.0,2066.0,75.0,0.0,
2079.0,2039.0,75.0,0.0,
2074.0,2137.0,74.0,1.0,
2070.0,2072.0,74.0,1.0,
2018.0,2077.0,74.0,1.0,
2011.0,2061.0,73.0,1.0,
2037.0,2029.0,73.0,1.0,
2042.0,1954.0,73.0,1.0,
2085.0,1975.0,72.0,1.0,
2094.0,2079.0,72.0,2.0,
2108.0,2157.0,72.0,1.0,
2112.0,2144.0,72.0,1.0,
2083.0,2121.0,71.0,1.0,
2035.0,2039.0,71.0,1.0,
2024.0,2112.0,71.0,1.0,
2051.0,2105.0,70.0,1.0,
2092.0,2022.0,70.0,1.0,
2087.0,2068.0,69.0,0.0,
2080.0,2118.0,69.0,0.0,
2074.0,2108.0,69.0,0.0,
2068.0,2075.0,69.0,0.0,
2101.0,2060.0,69.0,0.0,
2115.0,2092.0,69.0,0.0,
2079.0,2058.0,69.0,0.0,
2077.0,2098.0,69.0,0.0,
2104.0,2086.0,69.0,0.0,
2087.0,2054.0,69.0,0.0,
2071.0,2080.0,69.0,0.0,
2104.0,2104.0,69.0,0.0,
2028.0,2070.0,69.0,0.0,
1986.0,2021.0,69.0,0.0,
1972.0,2070.0,69.0,-1.0,
2060.0,2056.0,69.0,-1.0,
2049.0,2046.0,69.0,-1.0,
2066.0,2163.0,69.0,-1.0,
2058.0,2125.0,69.0,-1.0,
2055.0,2011.0,69.0,-1.0,
2061.0,1963.0,69.0,-1.0,
2066.0,1960.0,69.0,-1.0,
2079.0,2136.0,69.0,-1.0,
2111.0,2298.0,69.0,-1.0,
2100.0,2211.0,69.0,-1.0,
2081.0,2099.0,69.0,-1.0,
2097.0,2086.0,69.0,-1.0,
2091.0,2114.0,69.0,-1.0,
2072.0,2120.0,69.0,0.0,
2095.0,2099.0,69.0,0.0,
2090.0,2119.0,68.0,0.0,
2051.0,1977.0,68.0,0.0,
2073.0,2038.0,68.0,0.0,
2051.0,2086.0,67.0,0.0,
2050.0,2052.0,67.0,0.0,
2101.0,2050.0,66.0,0.0,
2057.0,2019.0,66.0,0.0,
2040.0,2063.0,65.0,0.0,
2042.0,2130.0,65.0,0.0,
2071.0,2101.0,64.0,0.0,
2083.0,2174.0,64.0,0.0,
2073.0,2100.0,63.0,0.0,
2053.0,2102.0,63.0,0.0,
2055.0,2048.0,63.0,0.0,
2073.0,2020.0,62.0,0.0,
2105.0,2097.0,62.0,0.0,
2091.0,2144.0,62.0,0.0,
2059.0,2142.0,61.0,0.0,
2096.0,2113.0,61.0,0.0,
2100.0,2076.0,61.0,0.0,
2066.0,2061.0,61.0,0.0,
2077.0,2014.0,60.0,0.0,
2077.0,2060.0,60.0,-1.0,
2107.0,2033.0,60.0,-1.0,
2059.0,2063.0,60.0,-1.0,
2066.0,2083.0,60.0,-1.0,
2088.0,2115.0,60.0,-1.0,
2067.0,2050.0,60.0,-1.0,
2108.0,2063.0,60.0,-1.0,
2079.0,2080.0,60.0,-1.0,
2047.0,2088.0,60.0,-2.0,
2054.0,2066.0,60.0,-2.0,
2074.0,2039.0,60.0,-2.0,
2038.0,2095.0,60.0,-2.0,
2035.0,2108.0,60.0,-2.0,
2088.0,2105.0,60.0,-2.0,
2083.0,2090.0,60.0,-2.0,
2087.0,2071.0,60.0,-2.0,
2080.0,2084.0,60.0,-2.0,
2051.0,2071.0,60.0,-3.0,
2065.0,2026.0,60.0,-2.0,
2075.0,2066.0,60.0,-2.0,
2088.0,2140.0,60.0,-3.0,
2070.0,2078.0,60.0,-3.0,
2031.0,2145.0,60.0,-2.0,
2053.0,2175.0,59.0,-2.0,
2048.0,2105.0,59.0,-3.0,
2060.0,2132.0,59.0,-3.0,
2075.0,2084.0,59.0,-2.0,
2072.0,1980.0,59.0,-2.0,
2081.0,2024.0,59.0,-2.0,
2101.0,1986.0,58.0,-3.0,
2110.0,2104.0,58.0,-3.0,
2098.0,2165.0,58.0,-3.0,
2083.0,2125.0,57.0,-3.0,
2054.0,2162.0,57.0,-3.0,
2041.0,2042.0,57.0,-2.0,
2090.0,2042.0,56.0,-3.0,
2111.0,2018.0,56.0,-3.0,
2090.0,2078.0,56.0,-3.0,
2039.0,2055.0,55.0,-3.0,
2036.0,2048.0,55.0,-3.0,
2056.0,2028.0,54.0,-3.0,
2025.0,2011.0,54.0,-3.0,
2043.0,2021.0,54.0,-3.0,
2048.0,2029.0,54.0,-3.0,
2066.0,2228.0,53.0,-3.0,
2104.0,2275.0,53.0,-2.0,
2082.0,2116.0,53.0,-2.0,
2090.0,2111.0,53.0,-2.0,
2144.0,2060.0,53.0,-2.0,
2091.0,2092.0,53.0,-2.0,
2065.0,2086.0,53.0,-2.0,
2023.0,2084.0,53.0,-2.0,
2039.0,2025.0,53.0,-3.0,
2043.0,2009.0,53.0,-3.0,
2081.0,2004.0,53.0,-3.0,
2066.0,2100.0,53.0,-3.0,
2045.0,2051.0,53.0,-3.0,
2061.0,2042.0,53.0,-3.0,
2070.0,2060.0,53.0,-3.0,
2078.0,2112.0,53.0,-3.0,
2074.0,2110.0,54.0,-3.0,
2052.0,2093.0,54.0,-3.0,
2043.0,2093.0,54.0,-3.0,
2072.0,2093.0,54.0,-3.0,
2083.0,2107.0,54.0,-3.0,
2094.0,2108.0,54.0,-3.0,
2090.0,2086.0,53.0,-3.0,
2061.0,2066.0,53.0,-3.0,
2065.0,2116.0,53.0,-4.0,
2096.0,2133.0,52.0,-4.0,
2092.0,2068.0,52.0,-4.0,
2077.0,2080.0,51.0,-4.0,
2099.0,2031.0,51.0,-4.0,
2090.0,2057.0,50.0,-4.0,
2076.0,2057.0,49.0,-5.0,
2078.0,2058.0,49.0,-5.0,
2088.0,2187.0,48.0,-5.0,
2089.0,2070.0,48.0,-5.0,
2067.0,1994.0,47.0,-6.0,
2061.0,2052.0,46.0,-6.0,
2046.0,2075.0,46.0,-6.0,
2075.0,2036.0,45.0,-6.0,
2075.0,2188.0,45.0,-7.0,
2064.0,2099.0,44.0,-7.0,
2065.0,2106.0,43.0,-7.0,
2057.0,2056.0,43.0,-7.0,
2063.0,2117.0,42.0,-7.0,
2066.0,2198.0,42.0,-7.0,
2103.0,2200.0,42.0,-7.0,
2074.0,2092.0,41.0,-7.0,
2079.0,2001.0,41.0,-7.0,
2055.0,2008.0,41.0,-7.0,
2041.0,2008.0,40.0,-7.0,
2040.0,1975.0,40.0,-7.0,
2062.0,2101.0,40.0,-7.0,
2071.0,2204.0,40.0,-7.0,
2080.0,2155.0,40.0,-7.0,
2104.0,1940.0,40.0,-7.0,
2078.0,2007.0,41.0,-6.0,
2070.0,2024.0,41.0,-6.0,
2088.0,2165.0,0,
2038.0,2082.0,41.0,-6.0,
2053.0,2132.0,41.0,-6.0,
2075.0,2096.0,41.0,-6.0,
2049.0,2107.0,42.0,-6.0,
2041.0,2101.0,42.0,-6.0,
2104.0,2079.0,42.0,-6.0,
2115.0,2148.0,42.0,-6.0,
2106.0,2108.0,42.0,-6.0,
2111.0,2082.0,42.0,-6.0,
2061.0,2065.0,42.0,-6.0,
2057.0,2072.0,42.0,-6.0,
2083.0,2034.0,41.0,-6.0,
1995.0,2015.0,41.0,-6.0,
2033.0,2045.0,41.0,-6.0,
2047.0,2068.0,40.0,-6.0,
2063.0,2085.0,40.0,-6.0,
2054.0,2111.0,40.0,-6.0,
2063.0,2075.0,39.0,-7.0,
2077.0,2081.0,39.0,-7.0,
2086.0,2092.0,38.0,-7.0,
2092.0,2072.0,38.0,-7.0,
2093.0,2106.0,37.0,-7.0,
2096.0,2060.0,37.0,-7.0,
2090.0,2040.0,36.0,-8.0,
2093.0,2110.0,36.0,-8.0,
2075.0,2126.0,35.0,-8.0,
2049.0,2022.0,35.0,-8.0,
2055.0,2091.0,34.0,-8.0,
2043.0,2168.0,34.0,-8.0,
2049.0,2116.0,33.0,-8.0,
2080.0,2070.0,33.0,-9.0,
2058.0,1981.0,32.0,-9.0,
2051.0,2079.0,32.0,-9.0,
2090.0,2106.0,32.0,-9.0,
2099.0,2185.0,31.0,-9.0,
2089.0,2103.0,31.0,-9.0,
2117.0,2081.0,31.0,-9.0,
2092.0,2014.0,31.0,-9.0,
2071.0,1993.0,30.0,-9.0,
2075.0,2066.0,30.0,-8.0,
2039.0,2136.0,30.0,-8.0,
2012.0,2151.0,30.0,-8.0,
2043.0,2072.0,30.0,-8.0,
2059.0,2158.0,30.0,-8.0,
2071.0,2109.0,31.0,-8.0,
2063.0,2184.0,31.0,-8.0,
2056.0,2062.0,31.0,-8.0,
2060.0,2044.0,32.0,-7.0,
2055.0,2047.0,32.0,-7.0,
2085.0,2038.0,33.0,-7.0,
2140.0,2045.0,33.0,-7.0,
2115.0,1999.0,34.0,-6.0,
2071.0,2047.0,34.0,-6.0,
2071.0,2067.0,34.0,-6.0,
1981.0,2069.0,35.0,-6.0,
2014.0,2092.0,35.0,-6.0,
2045.0,2183.0,35.0,-6.0,
2043.0,2073.0,35.0,-6.0,
2055.0,2064.0,35.0,-6.0,
2063.0,2129.0,35.0,-6.0,
2080.0,2102.0,35.0,-6.0,
2082.0,2059.0,35.0,-6.0,
2076.0,2071.0,35.0,-6.0,
2075.0,2045.0,35.0,-6.0,
2083.0,2093.0,35.0,-6.0,
2087.0,2108.0,34.0,-6.0,
2063.0,2095.0,34.0,-6.0,
2070.0,2131.0,34.0,-6.0,
2064.0,2070.0,33.0,-6.0,
2079.0,2048.0,32.0,-6.0,
2075.0,2160.0,32.0,-6.0,
2075.0,2167.0,30.0,-5.0,
2092.0,2032.0,31.0,-6.0,
2094.0,2055.0,31.0,-6.0,
2114.0,2119.0,31.0,-6.0,
2086.0,2057.0,30.0,-7.0,
2054.0,2078.0,29.0,-7.0,
2088.0,2107.0,29.0,-7.0,
2113.0,1965.0,28.0,-7.0,
2076.0,1941.0,28.0,-7.0,
2084.0,1928.0,27.0,-8.0,
2099.0,2242.0,27.0,-9.0,
2051.0,2318.0,25.0,-9.0,
1995.0,2156.0,24.0,-9.0,
2054.0,2055.0,23.0,-9.0,
2081.0,2037.0,22.0,-9.0,
2062.0,2067.0,22.0,-9.0,
2075.0,2132.0,22.0,-9.0,
2088.0,2075.0,21.0,-9.0,
2044.0,2049.0,21.0,-9.0,
2061.0,2135.0,21.0,-10.0,
2041.0,2068.0,21.0,-10.0,
2082.0,2019.0,20.0,-10.0,
2110.0,2052.0,20.0,-9.0,
2047.0,2026.0,20.0,-9.0,
2026.0,2172.0,20.0,-9.0,
2014.0,2089.0,20.0,-9.0,
2034.0,2066.0,19.0,-9.0,
2060.0,2047.0,19.0,-9.0,
2037.0,2046.0,19.0,-9.0,
2068.0,2094.0,19.0,-9.0,
2087.0,2077.0,19.0,-9.0,
2094.0,2172.0,19.0,-9.0,
2097.0,2070.0,19.0,-9.0,
2093.0,2015.0,19.0,-9.0,
2097.0,2071.0,19.0,-9.0,
2072.0,2001.0,19.0,-9.0,
2077.0,2077.0,19.0,-9.0,
2076.0,2278.0,19.0,-9.0,
2072.0,2165.0,19.0,-9.0,
2061.0,2113.0,19.0,-9.0,
2063.0,2119.0,19.0,-9.0,
2074.0,2063.0,19.0,-9.0,
2092.0,2112.0,19.0,-9.0,
2105.0,2090.0,18.0,-9.0,
2065.0,2092.0,18.0,-9.0,
2077.0,1980.0,18.0,-9.0,
2058.0,2026.0,18.0,-9.0,
2080.0,2037.0,17.0,-5.0,
2052.0,2035.0,17.0,-7.0,
2053.0,2044.0,18.0,-7.0,
2057.0,2019.0,18.0,-8.0,
2064.0,2130.0,18.0,-8.0,
2082.0,2163.0,18.0,-8.0,
2060.0,2088.0,18.0,-8.0,
2054.0,2042.0,19.0,-8.0,
2077.0,2040.0,19.0,-8.0,
2055.0,2068.0,19.0,-8.0,
2048.0,2086.0,20.0,-11.0,
2065.0,2094.0,19.0,-10.0,
2069.0,2072.0,18.0,-9.0,
2066.0,2122.0,18.0,-8.0,
2075.0,2102.0,18.0,-8.0,
2072.0,2089.0,18.0,-8.0,
2082.0,1980.0,19.0,-8.0,
2088.0,2015.0,19.0,-7.0,
2066.0,2103.0,17.0,-6.0,
2075.0,2221.0,18.0,-7.0,
2073.0,2116.0,19.0,-7.0,
2064.0,2086.0,20.0,-8.0,
2070.0,2085.0,20.0,-8.0,
2064.0,2172.0,20.0,-8.0,
2100.0,1990.0,20.0,-8.0,
2079.0,2099.0,20.0,-8.0,
2064.0,2196.0,20.0,-9.0,
2048.0,2178.0,19.0,-9.0,
2060.0,2111.0,21.0,-10.0,
2092.0,2070.0,20.0,-10.0,
2077.0,2034.0,20.0,-9.0,
2051.0,2014.0,20.0,-9.0,
2057.0,1988.0,20.0,-9.0,
2081.0,2015.0,20.0,-8.0,
2066.0,2192.0,20.0,-8.0,
2050.0,2060.0,20.0,-9.0,
2104.0,2120.0,20.0,-9.0,
2114.0,1986.0,20.0,-9.0,
2101.0,1969.0,20.0,-8.0,
2071.0,2004.0,20.0,-8.0,
2058.0,2116.0,20.0,-8.0,
2077.0,2161.0,20.0,-8.0,
2058.0,2179.0,20.0,-8.0,
2056.0,2129.0,20.0,-8.0,
2060.0,2062.0,20.0,-8.0,
2068.0,2078.0,21.0,-8.0,
2078.0,2135.0,21.0,-8.0,
2066.0,2076.0,20.0,-8.0,
2085.0,2045.0,20.0,-8.0,
2115.0,2110.0,20.0,-8.0,
2054.0,2106.0,20.0,-8.0,
2048.0,2025.0,21.0,-8.0,
2065.0,1971.0,21.0,-8.0,
2055.0,1914.0,21.0,-8.0,
2061.0,2113.0,21.0,-8.0,
2071.0,2204.0,21.0,-8.0,
2035.0,2232.0,21.0,-9.0,
2084.0,2125.0,22.0,-9.0,
2097.0,2093.0,22.0,-9.0,
2077.0,2018.0,22.0,-9.0,
2074.0,2002.0,22.0,-9.0,
2071.0,2045.0,22.0,-9.0,
2067.0,2065.0,22.0,-9.0,
2036.0,2142.0,22.0,-9.0,
2067.0,2122.0,22.0,-9.0,
2089.0,2119.0,22.0,-9.0,
2075.0,2119.0,21.0,-9.0,
2083.0,2005.0,21.0,-9.0,
2084.0,2032.0,20.0,-9.0,
2087.0,2077.0,20.0,-9.0,
2077.0,2071.0,19.0,-9.0,
2035.0,2035.0,19.0,-9.0,
2039.0,2153.0,18.0,-9.0,
2055.0,2161.0,18.0,-9.0,
2076.0,2023.0,17.0,-9.0,
2067.0,2132.0,16.0,-8.0,
2085.0,2118.0,16.0,-8.0,
2093.0,1998.0,15.0,-8.0,
2069.0,2007.0,15.0,-8.0,
2087.0,2110.0,14.0,-8.0,
2087.0,2116.0,14.0,-8.0,
2081.0,2129.0,14.0,-8.0,
2073.0,2067.0,14.0,-8.0,
2102.0,2089.0,14.0,-9.0,
2093.0,2064.0,14.0,-9.0,
2081.0,2073.0,15.0,-9.0,
2044.0,2107.0,15.0,-9.0,
2072.0,2011.0,16.0,-10.0,
2101.0,2089.0,16.0,-10.0,
2088.0,2054.0,17.0,-10.0,
2055.0,2052.0,17.0,-10.0,
2041.0,2050.0,17.0,-10.0,
2033.0,2084.0,18.0,-10.0,
2071.0,2081.0,18.0,-10.0,
2065.0,2099.0,18.0,-10.0,
2074.0,2145.0,19.0,-10.0,
2067.0,2129.0,19.0,-10.0,
2077.0,2083.0,19.0,-9.0,
2075.0,2071.0,19.0,-9.0,
2078.0,2056.0,20.0,-9.0,
2096.0,2034.0,20.0,-9.0,
2097.0,2108.0,20.0,-9.0,
2089.0,2100.0,20.0,-9.0,
2083.0,2090.0,19.0,-9.0,
2080.0,2088.0,19.0,-9.0,
2082.0,2056.0,19.0,-9.0,
2032.0,2012.0,18.0,-9.0,
2065.0,2068.0,18.0,-9.0,
2068.0,2190.0,18.0,-9.0,
2079.0,2191.0,17.0,-9.0,
2072.0,2185.0,16.0,-9.0,
2071.0,2100.0,16.0,-9.0,
2088.0,2041.0,16.0,-9.0,
2098.0,2059.0,15.0,-10.0,
2068.0,2095.0,15.0,-10.0,
2065.0,2082.0,15.0,-10.0,
2063.0,2045.0,14.0,-10.0,
2053.0,2046.0,14.0,-10.0,
2067.0,2090.0,14.0,-10.0,
2087.0,2095.0,14.0,-10.0,
2060.0,2084.0,14.0,-10.0,
2060.0,2055.0,14.0,-10.0,
2071.0,2060.0,14.0,-10.0,
2067.0,2081.0,14.0,-10.0,
2087.0,2080.0,14.0,-10.0,
2066.0,2082.0,14.0,-10.0,
2071.0,2077.0,14.0,-10.0,
2104.0,2099.0,14.0,-10.0,
2087.0,2086.0,15.0,-10.0,
2057.0,2036.0,15.0,-10.0,
2082.0,2076.0,15.0,-10.0,
2089.0,2062.0,15.0,-10.0,
2054.0,2088.0,15.0,-10.0,
2064.0,2096.0,15.0,-10.0,
2087.0,2104.0,14.0,-10.0,
2037.0,2120.0,14.0,-10.0,
2070.0,2068.0,14.0,-10.0,
2092.0,2092.0,14.0,-10.0,
2097.0,2094.0,13.0,-10.0,
2094.0,2118.0,13.0,-10.0,
2051.0,2104.0,13.0,-10.0,
2038.0,2105.0,13.0,-10.0,
2057.0,2078.0,13.0,-10.0,
2064.0,1981.0,13.0,-10.0,
2070.0,2049.0,13.0,-10.0,
2084.0,2095.0,13.0,-10.0,
2073.0,2131.0,13.0,-10.0,
2051.0,2082.0,13.0,-10.0,
2063.0,2086.0,13.0,-10.0,
2084.0,2066.0,13.0,-10.0,
2078.0,2046.0,13.0,-10.0,
2058.0,2052.0,13.0,-10.0,
2082.0,2070.0,14.0,-10.0,
2080.0,2129.0,14.0,-10.0,
2072.0,2155.0,14.0,-10.0,
2065.0,2119.0,14.0,-10.0,
2073.0,2066.0,15.0,-10.0,
2074.0,2076.0,15.0,-10.0,
2088.0,2050.0,15.0,-10.0,
2076.0,2067.0,15.0,-10.0,
2070.0,2025.0,15.0,-10.0,
2065.0,2085.0,15.0,-10.0,
2066.0,2061.0,16.0,-10.0,
2080.0,2090.0,16.0,-10.0,
2091.0,2068.0,16.0,-10.0,
2048.0,2146.0,16.0,-9.0,
2074.0,2098.0,16.0,-9.0,
2084.0,2090.0,16.0,-9.0,
2063.0,2094.0,16.0,-9.0,
2065.0,2016.0,16.0,-9.0,
2080.0,1952.0,16.0,-10.0,
2080.0,1977.0,16.0,-10.0,
2088.0,2137.0,16.0,-10.0,
2063.0,2252.0,15.0,-10.0,
2084.0,2190.0,15.0,-10.0,
2085.0,2125.0,15.0,-10.0,
2070.0,2105.0,15.0,-10.0,
2084.0,2086.0,14.0,-10.0,
2101.0,2100.0,14.0,-10.0,
2073.0,2075.0,14.0,-10.0,
2049.0,2052.0,14.0,-10.0,
2065.0,2067.0,13.0,-10.0,
2090.0,2067.0,13.0,-10.0,
2096.0,2062.0,13.0,-10.0,
2092.0,2046.0,13.0,-10.0,
2062.0,2034.0,13.0,-10.0,
2049.0,2032.0,12.0,-10.0,
2078.0,2150.0,12.0,-10.0,
2067.0,2072.0,12.0,-10.0,
2065.0,2069.0,12.0,-10.0,
2061.0,2061.0,13.0,-10.0,
2083.0,2128.0,13.0,-10.0,
2054.0,2126.0,13.0,-10.0,
2069.0,2102.0,13.0,-10.0,
2049.0,2075.0,13.0,-10.0,
2068.0,2083.0,14.0,-10.0,
2079.0,2082.0,14.0,-10.0,
2065.0,2068.0,14.0,-10.0,
2049.0,2061.0,15.0,-10.0,
2077.0,2079.0,15.0,-10.0,
2077.0,2062.0,15.0,-10.0,
2056.0,2075.0,16.0,-10.0,
2085.0,2080.0,16.0,-10.0,
2066.0,2109.0,16.0,-9.0,
2088.0,2066.0,17.0,-9.0,
2067.0,2088.0,17.0,-9.0,
2056.0,2108.0,17.0,-9.0,
2070.0,2051.0,18.0,-9.0,
2066.0,2033.0,18.0,-9.0,
2081.0,2040.0,18.0,-9.0,
2073.0,2142.0,19.0,-9.0,
2075.0,2134.0,19.0,-9.0,
2071.0,2089.0,19.0,-9.0,
2080.0,2068.0,0,
2082.0,2121.0,19.0,-9.0,
2073.0,2076.0,19.0,-9.0,
2074.0,2076.0,19.0,-9.0,
2055.0,2078.0,19.0,-9.0,
2055.0,2071.0,19.0,-9.0,
2069.0,2097.0,18.0,-9.0,
2080.0,2088.0,18.0,-9.0,
2077.0,2105.0,18.0,-9.0,
2084.0,2114.0,18.0,-9.0,
2069.0,2136.0,17.0,-9.0,
2075.0,2049.0,17.0,-9.0,
2078.0,2080.0,17.0,-10.0,
2086.0,2081.0,16.0,-10.0,
2065.0,2054.0,16.0,-10.0,
2058.0,2071.0,16.0,-10.0,
2076.0,2075.0,15.0,-10.0,
2062.0,2063.0,15.0,-10.0,
2076.0,2071.0,15.0,-10.0,
2059.0,2095.0,14.0,-10.0,
2069.0,2122.0,14.0,-10.0,
2059.0,2111.0,14.0,-10.0,
2081.0,2093.0,14.0,-10.0,
2073.0,2092.0,14.0,-10.0,
2073.0,2086.0,14.0,-10.0,
2070.0,2083.0,14.0,-10.0,
2070.0,2084.0,14.0,-10.0,
2061.0,2080.0,14.0,-10.0,
2071.0,2070.0,14.0,-10.0,
2083.0,2072.0,14.0,-10.0,
2054.0,2072.0,14.0,-10.0,
2065.0,2081.0,14.0,-10.0,
2069.0,2090.0,14.0,-10.0,
2071.0,2088.0,14.0,-10.0,
2083.0,2100.0,15.0,-10.0,
2067.0,2083.0,15.0,-10.0,
2072.0,2076.0,15.0,-10.0,
2074.0,2077.0,15.0,-10.0,
2072.0,2071.0,16.0,-10.0,
2054.0,2072.0,16.0,-10.0,
2072.0,2077.0,16.0,-10.0,
2066.0,2082.0,16.0,-10.0,
2074.0,2091.0,17.0,-10.0,
2068.0,2082.0,17.0,-10.0,
2077.0,2078.0,17.0,-10.0,
2072.0,2086.0,17.0,-10.0,
2076.0,2086.0,17.0,-10.0,
2082.0,2082.0,17.0,-10.0,
2077.0,2076.0,17.0,-10.0,
2075.0,2068.0,17.0,-9.0,
2070.0,2079.0,17.0,-9.0,
2070.0,2087.0,17.0,-9.0,
2058.0,2091.0,17.0,-9.0,
2076.0,2075.0,17.0,-10.0,
2070.0,2082.0,17.0,-10.0,
2076.0,2072.0,17.0,-10.0,
2075.0,2074.0,17.0,-10.0,
2067.0,2069.0,17.0,-10.0,
2073.0,2073.0,17.0,-10.0,
2084.0,2079.0,17.0,-10.0,
2081.0,2085.0,17.0,-10.0,
2093.0,2097.0,16.0,-10.0,
2086.0,2056.0,16.0,-10.0,
2075.0,2056.0,16.0,-10.0,
2078.0,2061.0,16.0,-10.0,
2091.0,2087.0,15.0,-10.0,
2084.0,2140.0,15.0,-10.0,
2071.0,2130.0,15.0,-10.0,
2044.0,2101.0,15.0,-10.0,
2069.0,2076.0,14.0,-10.0,
2070.0,2070.0,14.0,-10.0,
2086.0,2058.0,14.0,-10.0,
2082.0,2091.0,15.0,-9.0,
2070.0,2092.0,15.0,-9.0,
2057.0,2089.0,15.0,-9.0,
2062.0,2070.0,15.0,-9.0,
2065.0,2069.0,16.0,-9.0,
2066.0,2079.0,16.0,-8.0,
2061.0,2081.0,15.0,-8.0,
2062.0,2086.0,16.0,-8.0,
2081.0,2074.0,18.0,-8.0,
2078.0,2080.0,18.0,-8.0,
2078.0,2073.0,19.0,-8.0,
2080.0,2065.0,19.0,-8.0,
2066.0,2054.0,20.0,-8.0,
2067.0,2057.0,20.0,-8.0,
2078.0,2095.0,21.0,-8.0,
2080.0,2128.0,21.0,-8.0,
2071.0,2102.0,23.0,-8.0,
2076.0,2090.0,22.0,-8.0,
2077.0,2088.0,21.0,-8.0,
2079.0,2088.0,22.0,-8.0,
2074.0,2083.0,22.0,-8.0,
2086.0,2075.0,22.0,-7.0,
2046.0,2102.0,22.0,-8.0,
2065.0,2080.0,21.0,-8.0,
2081.0,2074.0,21.0,-8.0,
2068.0,2081.0,20.0,-8.0,
2060.0,2086.0,21.0,-8.0,
2077.0,2084.0,21.0,-8.0,
2074.0,2072.0,20.0,-8.0,
2030.0,2073.0,20.0,-8.0,
2073.0,2079.0,20.0,-8.0,
2077.0,2079.0,20.0,-8.0,
2074.0,2085.0,19.0,-8.0,
2073.0,2089.0,19.0,-8.0,
2069.0,2101.0,19.0,-8.0,
2077.0,2095.0,19.0,-9.0,
2079.0,2085.0,18.0,-9.0,
2076.0,2080.0,18.0,-9.0,
2068.0,2063.0,17.0,-9.0,
2074.0,2063.0,17.0,-9.0,
2074.0,2081.0,17.0,-9.0,
2053.0,2093.0,17.0,-9.0,
2070.0,2086.0,17.0,-9.0,
2063.0,2091.0,16.0,-9.0,
2074.0,2091.0,16.0,-9.0,
2074.0,2093.0,16.0,-9.0,
2064.0,2087.0,16.0,-9.0,
2059.0,2050.0,16.0,-9.0,
2059.0,2040.0,16.0,-9.0,
2070.0,2044.0,17.0,-9.0,
2076.0,2136.0,17.0,-9.0,
2080.0,2169.0,17.0,-9.0,
2064.0,2101.0,18.0,-9.0,
2057.0,2082.0,18.0,-8.0,
2070.0,2073.0,19.0,-8.0,
2076.0,2082.0,0,
2068.0,2082.0,19.0,-8.0,
2076.0,2067.0,19.0,-8.0,
2067.0,2074.0,20.0,-8.0,
2078.0,2085.0,20.0,-8.0,
2068.0,2074.0,21.0,-8.0,
2076.0,2069.0,21.0,-8.0,
2076.0,2069.0,22.0,-7.0,
2071.0,2070.0,22.0,-7.0,
2073.0,2063.0,22.0,-7.0,
2079.0,2124.0,23.0,-7.0,
2077.0,2083.0,23.0,-7.0,
2071.0,2090.0,23.0,-7.0,
2085.0,2072.0,23.0,-7.0,
2105.0,2066.0,24.0,-7.0,
2095.0,2073.0,24.0,-7.0,
2074.0,2081.0,24.0,-7.0,
2056.0,2054.0,24.0,-7.0,
2054.0,2039.0,24.0,-7.0,
2057.0,2035.0,24.0,-7.0,
2068.0,2060.0,24.0,-7.0,
2065.0,2144.0,24.0,-7.0,
2073.0,2197.0,24.0,-7.0,
2059.0,2105.0,24.0,-7.0,
2051.0,2069.0,24.0,-7.0,
2085.0,2065.0,24.0,-7.0,
2083.0,2105.0,24.0,-7.0,
2084.0,2096.0,24.0,-7.0,
2075.0,2080.0,24.0,-7.0,
2080.0,2081.0,24.0,-7.0,
2076.0,2076.0,23.0,-8.0,
2086.0,2090.0,23.0,-8.0,
2095.0,2076.0,23.0,-8.0,
2090.0,2045.0,23.0,-8.0,
2102.0,2055.0,23.0,-8.0,
2103.0,2078.0,22.0,-8.0,
2075.0,2094.0,22.0,-8.0,
2056.0,2138.0,22.0,-8.0,
2011.0,2136.0,21.0,-8.0,
2061.0,2137.0,21.0,-8.0,
2070.0,2069.0,21.0,-8.0,
2053.0,2044.0,21.0,-8.0,
2072.0,2014.0,21.0,-8.0,
2086.0,2028.0,21.0,-8.0,
2062.0,2068.0,21.0,-8.0,
2073.0,2072.0,21.0,-8.0,
2073.0,2068.0,21.0,-8.0,
2072.0,2069.0,21.0,-8.0,
2074.0,2073.0,22.0,-8.0,
2071.0,2070.0,22.0,-7.0,
2082.0,2099.0,21.0,-7.0,
2079.0,2113.0,21.0,-8.0,
2083.0,2096.0,21.0,-8.0,
2095.0,2093.0,21.0,-7.0,
2076.0,2081.0,21.0,-8.0,
2051.0,2077.0,21.0,-8.0,
2061.0,2086.0,21.0,-8.0,
2063.0,2103.0,21.0,-8.0,
2080.0,2084.0,21.0,-8.0,
2084.0,2114.0,21.0,-8.0,
2087.0,2124.0,21.0,-8.0,
2059.0,2087.0,21.0,-8.0,
2053.0,2009.0,21.0,-8.0,
2093.0,2046.0,21.0,-8.0,
2100.0,2064.0,21.0,-8.0,
2036.0,2108.0,21.0,-8.0,
2055.0,2099.0,21.0,-7.0,
2048.0,2058.0,21.0,-7.0,
2036.0,1949.0,21.0,-7.0,
2037.0,2020.0,21.0,-7.0,
2085.0,2140.0,21.0,-7.0,
2078.0,2348.0,21.0,-7.0,
2093.0,2216.0,21.0,-7.0,
2097.0,2061.0,21.0,-7.0,
2083.0,2006.0,21.0,-7.0,
2070.0,2019.0,21.0,-7.0,
2047.0,2073.0,21.0,-7.0,
2087.0,2086.0,21.0,-7.0,
2084.0,2057.0,21.0,-7.0,
2103.0,2080.0,21.0,-7.0,
2119.0,2084.0,21.0,-7.0,
2072.0,2052.0,21.0,-7.0,
2063.0,2024.0,21.0,-7.0,
2078.0,2034.0,21.0,-7.0,
2057.0,2079.0,21.0,-7.0,
2026.0,2110.0,21.0,-7.0,
2025.0,2077.0,21.0,-7.0,
2046.0,2030.0,20.0,-7.0,
2053.0,2169.0,0,
2054.0,2119.0,20.0,-7.0,
2099.0,2049.0,20.0,-7.0,
2098.0,2059.0,20.0,-7.0,
2086.0,2102.0,20.0,-7.0,
2078.0,2102.0,20.0,-7.0,
2086.0,2032.0,20.0,-7.0,
2030.0,2069.0,20.0,-7.0,
2057.0,2139.0,20.0,-7.0,
2090.0,2295.0,21.0,-7.0,
2107.0,2031.0,21.0,-7.0,
2125.0,2017.0,21.0,-7.0,
2097.0,2062.0,21.0,-7.0,
2109.0,2082.0,21.0,-7.0,
2065.0,2070.0,21.0,-7.0,
2057.0,2088.0,21.0,-7.0,
2051.0,2076.0,21.0,-7.0,
2040.0,2056.0,21.0,-7.0,
2045.0,2059.0,21.0,-7.0,
2067.0,2127.0,21.0,-7.0,
2076.0,2090.0,21.0,-7.0,
2072.0,2072.0,21.0,-7.0,
2070.0,2042.0,21.0,-7.0,
2080.0,2068.0,21.0,-7.0,
2068.0,2072.0,22.0,-7.0,
2043.0,2086.0,22.0,-7.0,
2040.0,2082.0,22.0,-7.0,
2054.0,2073.0,23.0,-7.0,
2094.0,2069.0,23.0,-7.0,
2083.0,2068.0,23.0,-7.0,
2087.0,2099.0,24.0,-7.0,
2063.0,2069.0,24.0,-7.0,
2059.0,2072.0,24.0,-7.0,
2079.0,2022.0,25.0,-7.0,
2094.0,2023.0,25.0,-7.0,
2157.0,2103.0,25.0,-7.0,
2162.0,2153.0,25.0,-7.0,
2111.0,2089.0,26.0,-7.0,
2058.0,2097.0,26.0,-7.0,
1994.0,2093.0,26.0,-7.0,
1995.0,2142.0,26.0,-7.0,
2039.0,2164.0,26.0,-7.0,
2084.0,2091.0,27.0,-7.0,
2087.0,2003.0,27.0,-7.0,
2029.0,1900.0,27.0,-7.0,
1970.0,1859.0,27.0,-7.0,
2007.0,2024.0,27.0,-7.0,
1998.0,2078.0,27.0,-7.0,
2037.0,2224.0,28.0,-7.0,
2069.0,2428.0,28.0,-7.0,
2084.0,2161.0,28.0,-7.0,
2119.0,2166.0,28.0,-7.0,
2068.0,2088.0,28.0,-7.0,
2098.0,2091.0,29.0,-7.0,
2101.0,2047.0,29.0,-7.0,
2068.0,2003.0,29.0,-7.0,
2035.0,2051.0,29.0,-7.0,
1999.0,2006.0,29.0,-7.0,
2020.0,2098.0,29.0,-6.0,
2077.0,2058.0,30.0,-6.0,
2105.0,2061.0,30.0,-6.0,
2120.0,2061.0,30.0,-6.0,
2110.0,2119.0,30.0,-6.0,
2082.0,2137.0,30.0,-6.0,
2100.0,2139.0,30.0,-6.0,
2116.0,2084.0,30.0,-6.0,
2079.0,2006.0,31.0,-6.0,
2034.0,2023.0,31.0,-6.0,
2054.0,2057.0,31.0,-6.0,
2068.0,2091.0,31.0,-6.0,
2096.0,2085.0,31.0,-6.0,
2077.0,2065.0,32.0,-6.0,
2088.0,2052.0,32.0,-6.0,
2086.0,2026.0,32.0,-6.0,
2093.0,2066.0,32.0,-6.0,
2116.0,2111.0,32.0,-6.0,
2125.0,2085.0,33.0,-6.0,
2097.0,2076.0,33.0,-6.0,
2071.0,2082.0,33.0,-6.0,
2053.0,2080.0,33.0,-6.0,
2051.0,2104.0,33.0,-6.0,
2034.0,2103.0,33.0,-6.0,
2004.0,2096.0,33.0,-6.0,
2002.0,2074.0,33.0,-6.0,
2042.0,2067.0,33.0,-6.0,
2068.0,2063.0,33.0,-6.0,
2111.0,2046.0,33.0,-5.0,
2115.0,2038.0,33.0,-5.0,
2097.0,2084.0,33.0,-6.0,
2063.0,2117.0,33.0,-6.0,
2082.0,2082.0,33.0,-6.0,
2106.0,2125.0,32.0,-6.0,
2077.0,2269.0,32.0,-6.0,
2079.0,2107.0,32.0,-6.0,
2080.0,2044.0,32.0,-6.0,
2098.0,2017.0,32.0,-6.0,
2038.0,2084.0,32.0,-6.0,
2030.0,2064.0,32.0,-6.0,
2013.0,2046.0,31.0,-5.0,
2024.0,2005.0,31.0,-4.0,
2061.0,2069.0,31.0,-5.0,
2052.0,2050.0,30.0,-5.0,
2055.0,2130.0,30.0,-6.0,
2085.0,2029.0,30.0,-6.0,
2086.0,1973.0,29.0,-7.0,
2088.0,2028.0,29.0,-7.0,
2108.0,2305.0,29.0,-7.0,
2111.0,2193.0,29.0,-7.0,
2087.0,2153.0,29.0,-8.0,
2104.0,2100.0,29.0,-9.0,
2050.0,2073.0,29.0,-8.0,
2077.0,2014.0,29.0,-8.0,
2046.0,2146.0,29.0,-8.0,
2034.0,2089.0,29.0,-7.0,
2063.0,2089.0,30.0,-7.0,
2114.0,2005.0,30.0,-7.0,
2120.0,2062.0,30.0,-7.0,
2127.0,2078.0,30.0,-7.0,
2089.0,2006.0,30.0,-6.0,
2100.0,2121.0,30.0,-5.0,
2097.0,2015.0,31.0,-5.0,
2052.0,2069.0,31.0,-6.0,
2012.0,2116.0,31.0,-7.0,
2040.0,2141.0,32.0,-7.0,
2043.0,2082.0,32.0,-7.0,
2048.0,1993.0,32.0,-7.0,
2061.0,2043.0,33.0,-7.0,
2046.0,2079.0,33.0,-7.0,
2061.0,2167.0,33.0,-8.0,
2061.0,2117.0,34.0,-9.0,
2059.0,2084.0,34.0,-9.0,
2070.0,2088.0,34.0,-8.0,
2068.0,2061.0,34.0,-8.0,
2082.0,2049.0,34.0,-7.0,
2073.0,2021.0,34.0,-8.0,
2070.0,2039.0,34.0,-8.0,
2082.0,2196.0,34.0,-8.0,
2080.0,2154.0,34.0,-8.0,
2077.0,2070.0,34.0,-8.0,
2064.0,2007.0,34.0,-8.0,
2081.0,2117.0,35.0,-8.0,
2071.0,2127.0,35.0,-8.0,
2047.0,2066.0,35.0,-8.0,
2058.0,2103.0,35.0,-8.0,
2080.0,2031.0,36.0,-8.0,
2096.0,2064.0,36.0,-8.0,
2091.0,1946.0,36.0,-8.0,
2057.0,2142.0,36.0,-8.0,
2071.0,2158.0,37.0,-8.0,
2099.0,1978.0,37.0,-8.0,
2089.0,1887.0,37.0,-7.0,
2089.0,1988.0,0,
2102.0,2422.0,38.0,-7.0,
2095.0,2300.0,38.0,-7.0,
2094.0,2145.0,38.0,-7.0,
2050.0,2060.0,38.0,-7.0,
2019.0,2064.0,39.0,-7.0,
2013.0,2058.0,39.0,-6.0,
2010.0,2046.0,39.0,-6.0,
2072.0,2105.0,39.0,-6.0,
2071.0,2166.0,39.0,-6.0,
2066.0,2049.0,39.0,-6.0,
2067.0,1877.0,39.0,-6.0,
2083.0,2004.0,39.0,-6.0,
2087.0,2061.0,39.0,-6.0,
2054.0,2106.0,39.0,-7.0,
2045.0,2022.0,39.0,-7.0,
2092.0,2090.0,39.0,-7.0,
2070.0,2159.0,40.0,-7.0,
2105.0,2091.0,40.0,-7.0,
2098.0,2103.0,41.0,-7.0,
2092.0,2093.0,41.0,-7.0,
2053.0,2069.0,41.0,-7.0,
2060.0,2071.0,42.0,-7.0,
2076.0,2060.0,42.0,-7.0,
2088.0,2103.0,42.0,-7.0,
2097.0,2064.0,43.0,-7.0,
2102.0,2061.0,43.0,-7.0,
2117.0,2034.0,43.0,-7.0,
2091.0,2136.0,43.0,-7.0,
2091.0,2165.0,43.0,-7.0,
2058.0,2072.0,44.0,-7.0,
2055.0,1986.0,44.0,-7.0,
2083.0,2127.0,45.0,-7.0,
2061.0,2109.0,45.0,-8.0,
2063.0,2141.0,46.0,-8.0,
2048.0,2041.0,46.0,-7.0,
2033.0,2116.0,47.0,-7.0,
2029.0,2083.0,48.0,-7.0,
2010.0,2162.0,49.0,-7.0,
2026.0,2056.0,49.0,-7.0,
2020.0,2038.0,50.0,-7.0,
2032.0,2068.0,51.0,-7.0,
2082.0,2100.0,51.0,-7.0,
2122.0,2089.0,52.0,-7.0,
2079.0,2033.0,52.0,-7.0,
2068.0,2006.0,53.0,-7.0,
2087.0,2072.0,53.0,-6.0,
2082.0,2124.0,53.0,-6.0,
2076.0,2099.0,53.0,-6.0,
2080.0,2060.0,54.0,-6.0,
2105.0,2071.0,54.0,-6.0,
2086.0,2069.0,54.0,-6.0,
2082.0,2123.0,54.0,-6.0,
2110.0,2013.0,54.0,-6.0,
2132.0,2135.0,54.0,-6.0,
2076.0,2036.0,55.0,-6.0,
2035.0,1858.0,55.0,-6.0,
2036.0,2075.0,55.0,-6.0,
2078.0,2219.0,55.0,-6.0,
2134.0,2389.0,55.0,-6.0,
2068.0,2165.0,56.0,-6.0,
2041.0,2075.0,56.0,-6.0,
2076.0,2131.0,56.0,-5.0,
2048.0,2022.0,56.0,-5.0,
2058.0,2090.0,56.0,-5.0,
2060.0,2105.0,56.0,-5.0,
2081.0,2048.0,56.0,-5.0,
2052.0,2052.0,56.0,-5.0,
2062.0,2087.0,57.0,-5.0,
2070.0,2061.0,57.0,-5.0,
2072.0,2046.0,57.0,-5.0,
2088.0,2028.0,57.0,-5.0,
2082.0,1960.0,57.0,-5.0,
2099.0,2081.0,57.0,-5.0,
2092.0,2120.0,58.0,-5.0,
2100.0,2013.0,58.0,-5.0,
2101.0,2076.0,59.0,-5.0,
2111.0,2106.0,59.0,-5.0,
2068.0,2212.0,60.0,-4.0,
2022.0,2095.0,60.0,-4.0,
2022.0,2088.0,60.0,-4.0,
2047.0,1995.0,61.0,-4.0,
2090.0,2028.0,62.0,-3.0,
2113.0,2019.0,62.0,-3.0,
2055.0,2126.0,63.0,-3.0,
2033.0,2222.0,63.0,-3.0,
2017.0,2097.0,0,
2023.0,2030.0,64.0,-3.0,
2056.0,2124.0,64.0,-3.0,
2093.0,2157.0,65.0,-3.0,
2039.0,2088.0,65.0,-3.0,
2086.0,2049.0,66.0,-3.0,
2073.0,2071.0,66.0,-3.0,
2070.0,2030.0,67.0,-4.0,
2089.0,2011.0,67.0,-4.0,
2099.0,1939.0,68.0,-4.0,
2060.0,2039.0,68.0,-4.0,
2049.0,2132.0,69.0,-4.0,
2085.0,2196.0,69.0,-4.0,
2056.0,2106.0,70.0,-5.0,
2061.0,2056.0,70.0,-5.0,
2076.0,2231.0,71.0,-5.0,
2068.0,2109.0,71.0,-5.0,
2098.0,2059.0,71.0,-5.0,
2114.0,2058.0,72.0,-5.0,
2080.0,2111.0,72.0,-5.0,
2053.0,2068.0,73.0,-5.0,
2088.0,2114.0,73.0,-5.0,
2098.0,2033.0,73.0,-5.0,
2074.0,2076.0,74.0,-5.0,
2046.0,2014.0,74.0,-4.0,
2076.0,2105.0,74.0,-4.0,
2087.0,2035.0,74.0,-5.0,
2069.0,1906.0,75.0,-5.0,
2099.0,2035.0,74.0,-5.0,
2102.0,2188.0,75.0,-5.0,
2071.0,2262.0,75.0,-6.0,
2084.0,2098.0,75.0,-5.0,
2064.0,2124.0,75.0,-5.0,
2077.0,2095.0,76.0,-5.0,
2060.0,2040.0,76.0,-5.0,
2052.0,1992.0,77.0,-5.0,
2034.0,2044.0,77.0,-4.0,
2068.0,2109.0,77.0,-4.0,
2101.0,2134.0,77.0,-3.0,
2094.0,2017.0,77.0,-2.0,
2081.0,2113.0,77.0,-1.0,
2088.0,2083.0,77.0,-1.0,
2085.0,2243.0,78.0,-1.0,
2061.0,2110.0,78.0,0.0,
2081.0,1996.0,78.0,0.0,
2086.0,2011.0,78.0,0.0,
2078.0,1979.0,79.0,0.0,
2066.0,2036.0,79.0,0.0,
2002.0,1973.0,79.0,0.0,
1990.0,2181.0,79.0,0.0,
2117.0,2191.0,80.0,0.0,
2044.0,2103.0,80.0,0.0,
2105.0,2055.0,81.0,0.0,
2081.0,2042.0,81.0,1.0,
2053.0,2162.0,0,
2007.0,2106.0,81.0,1.0,
2028.0,2030.0,82.0,1.0,
2011.0,2061.0,82.0,1.0,
2066.0,2069.0,82.0,0.0,
2054.0,2009.0,82.0,0.0,
2079.0,1914.0,83.0,1.0,
2083.0,2117.0,83.0,1.0,
2109.0,2209.0,83.0,0.0,
2136.0,2265.0,84.0,0.0,
2114.0,2166.0,84.0,-1.0,
2042.0,1974.0,85.0,-2.0,
2046.0,1988.0,86.0,-2.0,
2104.0,2163.0,87.0,-3.0,
2061.0,2030.0,88.0,-4.0,
2084.0,2114.0,89.0,-5.0,
2074.0,2132.0,90.0,-6.0,
2101.0,2102.0,91.0,-6.0,
2092.0,2074.0,92.0,-7.0,
2102.0,2148.0,92.0,-6.0,
2072.0,1983.0,93.0,-6.0,
2045.0,1968.0,93.0,-5.0,
2067.0,2066.0,94.0,-5.0,
2077.0,2231.0,94.0,-5.0,
2068.0,2057.0,94.0,-5.0,
2079.0,1996.0,94.0,-5.0,
2102.0,1973.0,94.0,-4.0,
2137.0,2080.0,94.0,-2.0,
2133.0,2318.0,93.0,-1.0,
2093.0,2200.0,93.0,0.0,
2078.0,2333.0,92.0,1.0,
2107.0,1987.0,92.0,2.0,
2080.0,1974.0,92.0,2.0,
2081.0,1844.0,91.0,3.0,
2105.0,1875.0,91.0,4.0,
2020.0,1975.0,91.0,5.0,
2086.0,2031.0,90.0,5.0,
2041.0,1958.0,90.0,5.0,
1914.0,2105.0,90.0,5.0,
2046.0,2273.0,90.0,5.0,
1995.0,2183.0,91.0,4.0,
1970.0,2083.0,91.0,3.0,
1945.0,2025.0,92.0,4.0,
2033.0,1985.0,92.0,5.0,
2115.0,2192.0,93.0,4.0,
2104.0,2215.0,94.0,4.0,
2061.0,2165.0,95.0,4.0,
2079.0,2148.0,95.0,2.0,
2099.0,2117.0,96.0,1.0,
2038.0,2093.0,96.0,2.0,
2064.0,2079.0,97.0,2.0,
2053.0,2077.0,97.0,3.0,
2080.0,1955.0,97.0,3.0,
2134.0,2240.0,98.0,2.0,
2142.0,2105.0,98.0,2.0,
2115.0,1998.0,100.0,1.0,
2079.0,1982.0,100.0,2.0,
2091.0,2184.0,100.0,4.0,
2137.0,2146.0,102.0,5.0,
2105.0,2106.0,103.0,5.0,
2116.0,2042.0,105.0,4.0,
2119.0,2014.0,107.0,3.0,
2048.0,2048.0,109.0,1.0,
2071.0,2045.0,110.0,1.0,
2060.0,2065.0,111.0,2.0,
2068.0,2068.0,112.0,2.0,
2088.0,1994.0,113.0,1.0,
2106.0,1959.0,114.0,0.0,
2063.0,2034.0,115.0,0.0,
2063.0,2331.0,114.0,0.0,
2065.0,2233.0,114.0,1.0,
2054.0,2107.0,113.0,2.0,
2090.0,2068.0,112.0,3.0,
2063.0,2038.0,112.0,3.0,
2068.0,2070.0,111.0,3.0,
2090.0,2130.0,110.0,4.0,
2055.0,2107.0,110.0,4.0,
2055.0,2117.0,109.0,4.0,
2081.0,2165.0,109.0,5.0,
2095.0,1928.0,108.0,5.0,
2075.0,1997.0,108.0,5.0,
2144.0,2078.0,107.0,5.0,
2103.0,2057.0,107.0,5.0,
2077.0,2113.0,107.0,5.0,
2111.0,2106.0,107.0,6.0,
2051.0,1971.0,106.0,6.0,
2067.0,2126.0,106.0,6.0,
1958.0,2074.0,106.0,6.0,
1952.0,2128.0,106.0,6.0,
2034.0,2140.0,106.0,6.0,
2112.0,2071.0,106.0,6.0,
2102.0,1967.0,107.0,6.0,
2000.0,2044.0,107.0,6.0,
2081.0,2248.0,107.0,6.0,
2091.0,2200.0,108.0,6.0,
2021.0,2036.0,109.0,6.0,
2059.0,2111.0,109.0,6.0,
2081.0,1978.0,110.0,6.0,
2090.0,1997.0,111.0,6.0,
2093.0,1946.0,112.0,6.0,
2062.0,2184.0,113.0,6.0,
2073.0,2268.0,114.0,6.0,
2107.0,2173.0,115.0,6.0,
2045.0,2111.0,116.0,6.0,
2026.0,2058.0,117.0,6.0,
2064.0,1986.0,118.0,6.0,
2105.0,2164.0,119.0,6.0,
2104.0,2045.0,120.0,6.0,
2062.0,1908.0,121.0,6.0,
2085.0,2108.0,122.0,6.0,
2123.0,2104.0,122.0,6.0,
2012.0,2174.0,123.0,6.0,
2024.0,1908.0,123.0,6.0,
2051.0,2070.0,123.0,6.0,
2074.0,2343.0,124.0,6.0,
2119.0,2060.0,124.0,6.0,
2071.0,2220.0,124.0,7.0,
2069.0,1788.0,124.0,7.0,
2065.0,1891.0,124.0,7.0,
2069.0,1951.0,124.0,7.0,
2066.0,2116.0,124.0,7.0,
2081.0,2406.0,124.0,7.0,
2078.0,2157.0,124.0,7.0,
2073.0,2051.0,124.0,7.0,
2085.0,1987.0,123.0,7.0,
2098.0,1901.0,123.0,7.0,
2100.0,2031.0,123.0,7.0,
2118.0,2163.0,122.0,7.0,
2072.0,2125.0,122.0,7.0,
2128.0,1957.0,121.0,7.0,
2044.0,2060.0,120.0,7.0,
2001.0,2197.0,120.0,7.0,
2071.0,2282.0,119.0,7.0,
2069.0,2144.0,118.0,7.0,
2046.0,2037.0,117.0,8.0,
2051.0,1988.0,117.0,8.0,
2091.0,2032.0,116.0,8.0,
2076.0,2100.0,116.0,8.0,
2150.0,2182.0,116.0,8.0,
2020.0,2152.0,116.0,8.0,
2024.0,2131.0,116.0,8.0,
2047.0,2024.0,116.0,7.0,
2043.0,2027.0,116.0,7.0,
2007.0,1953.0,117.0,7.0,
2065.0,2261.0,118.0,7.0,
2107.0,2038.0,119.0,7.0,
2100.0,2113.0,119.0,7.0,
2120.0,2099.0,120.0,7.0,
2120.0,2023.0,121.0,7.0,
2136.0,2109.0,123.0,7.0,
2026.0,1920.0,124.0,7.0,
2096.0,2182.0,125.0,7.0,
2048.0,2066.0,126.0,8.0,
2022.0,2056.0,127.0,8.0,
2045.0,1953.0,128.0,8.0,
2044.0,2160.0,129.0,8.0,
2055.0,2095.0,129.0,8.0,
2024.0,2093.0,130.0,8.0,
2092.0,2160.0,131.0,9.0,
2072.0,2044.0,132.0,9.0,
2067.0,2074.0,133.0,9.0,
2104.0,2206.0,134.0,10.0,
2114.0,2031.0,135.0,10.0,
2093.0,1932.0,135.0,10.0,
2079.0,2046.0,136.0,11.0,
2046.0,2313.0,136.0,11.0,
2075.0,1883.0,136.0,11.0,
2069.0,1923.0,137.0,11.0,
2110.0,2030.0,137.0,11.0,
2105.0,2101.0,136.0,11.0,
2074.0,2111.0,136.0,11.0,
2062.0,2087.0,136.0,11.0,
2089.0,1960.0,135.0,11.0,
2126.0,2088.0,135.0,11.0,
2066.0,2211.0,134.0,11.0,
2005.0,2153.0,134.0,11.0,
2075.0,2227.0,134.0,11.0,
2056.0,2201.0,133.0,11.0,
2046.0,2061.0,133.0,11.0,
2069.0,2013.0,132.0,11.0,
2055.0,2102.0,132.0,11.0,
2065.0,2111.0,132.0,11.0,
2092.0,1895.0,132.0,11.0,
2105.0,1873.0,132.0,11.0,
2232.0,1850.0,132.0,11.0,
2010.0,2361.0,132.0,11.0,
1966.0,2182.0,133.0,11.0,
2017.0,2179.0,133.0,11.0,
2049.0,2155.0,133.0,10.0,
2067.0,2090.0,133.0,10.0,
2078.0,1797.0,134.0,10.0,
2203.0,2142.0,134.0,10.0,
2043.0,2142.0,135.0,10.0,
2012.0,2048.0,135.0,10.0,
2137.0,2356.0,136.0,10.0,
2041.0,2153.0,136.0,10.0,
2089.0,2062.0,137.0,10.0,
2088.0,2013.0,137.0,10.0,
2055.0,2052.0,138.0,10.0,
2030.0,2052.0,139.0,10.0,
2073.0,2046.0,139.0,10.0,
2074.0,1878.0,140.0,10.0,
2122.0,1993.0,140.0,10.0,
2076.0,2122.0,141.0,11.0,
2055.0,2288.0,141.0,11.0,
2044.0,1982.0,141.0,11.0,
2065.0,1984.0,142.0,11.0,
2076.0,2136.0,142.0,12.0,
2043.0,2068.0,142.0,12.0,
2068.0,1899.0,142.0,12.0,
2081.0,2252.0,142.0,12.0,
2059.0,2190.0,142.0,10.0,
2089.0,2051.0,141.0,12.0,
2102.0,1952.0,142.0,12.0,
1999.0,2162.0,142.0,13.0,
2016.0,2062.0,142.0,13.0,
2043.0,2162.0,142.0,13.0,
2106.0,2026.0,141.0,13.0,
2210.0,1821.0,141.0,13.0,
2180.0,2137.0,141.0,13.0,
1943.0,2272.0,141.0,13.0,
1961.0,2187.0,140.0,15.0,
2018.0,2106.0,141.0,13.0,
2084.0,2027.0,140.0,13.0,
2099.0,1906.0,139.0,12.0,
2182.0,1780.0,139.0,12.0,
2073.0,2356.0,139.0,12.0,
1934.0,2033.0,139.0,12.0,
2110.0,1987.0,140.0,12.0,
2081.0,2089.0,140.0,13.0,
2052.0,2188.0,140.0,13.0,
2114.0,2277.0,140.0,13.0,
2101.0,2127.0,140.0,13.0,
2145.0,2112.0,141.0,13.0,
2026.0,1999.0,141.0,13.0,
2038.0,1885.0,141.0,14.0,
2061.0,2119.0,141.0,14.0,
2115.0,2094.0,141.0,14.0,
2187.0,2097.0,142.0,14.0,
1994.0,2138.0,142.0,14.0,
1998.0,2168.0,142.0,14.0,
2086.0,1869.0,143.0,14.0,
2051.0,2124.0,143.0,14.0,
2040.0,2266.0,143.0,14.0,
2036.0,2105.0,144.0,15.0,
2058.0,2079.0,144.0,15.0,
2071.0,2082.0,144.0,15.0,
2096.0,1975.0,144.0,15.0,
2066.0,2076.0,144.0,15.0,
2038.0,2137.0,144.0,14.0,
2057.0,1938.0,144.0,14.0,
2152.0,2137.0,144.0,14.0,
2069.0,1993.0,144.0,14.0,
2172.0,2264.0,144.0,14.0,
1993.0,2023.0,144.0,14.0,
2037.0,2166.0,144.0,14.0,
2033.0,1997.0,144.0,13.0,
2079.0,1962.0,144.0,13.0,
2161.0,2084.0,144.0,13.0,
2098.0,2237.0,144.0,13.0,
1981.0,2093.0,144.0,13.0,
2033.0,2087.0,144.0,13.0,
2054.0,2033.0,144.0,13.0,
2075.0,2173.0,144.0,13.0,
2095.0,1918.0,144.0,12.0,
2088.0,1697.0,145.0,12.0,
2151.0,2170.0,145.0,12.0,
2057.0,2340.0,145.0,12.0,
1981.0,2027.0,145.0,12.0,
2117.0,2317.0,145.0,12.0,
2048.0,2100.0,145.0,12.0,
1963.0,2218.0,146.0,12.0,
2071.0,1991.0,146.0,12.0,
2112.0,1915.0,146.0,12.0,
2134.0,1880.0,146.0,12.0,
2066.0,2274.0,147.0,12.0,
2021.0,2112.0,147.0,12.0,
2071.0,2075.0,147.0,13.0,
2192.0,2015.0,148.0,13.0,
2178.0,2059.0,148.0,13.0,
2010.0,2139.0,148.0,14.0,
1962.0,2172.0,149.0,14.0,
1979.0,2111.0,149.0,14.0,
2069.0,1862.0,149.0,15.0,
2260.0,2010.0,149.0,15.0,
2090.0,2170.0,149.0,15.0,
2005.0,2234.0,149.0,15.0,
2091.0,2199.0,149.0,15.0,
2075.0,1988.0,149.0,16.0,
2118.0,1866.0,149.0,16.0,
2162.0,2191.0,149.0,16.0,
2072.0,1948.0,149.0,16.0,
2040.0,2199.0,149.0,16.0,
2081.0,2142.0,149.0,16.0,
2167.0,2190.0,149.0,16.0,
2080.0,2149.0,149.0,16.0,
1954.0,2156.0,149.0,15.0,
2005.0,1975.0,149.0,15.0,
2050.0,2116.0,149.0,15.0,
2067.0,2084.0,149.0,15.0,
2119.0,1919.0,148.0,15.0,
2146.0,1913.0,148.0,14.0,
2016.0,2255.0,148.0,14.0,
2079.0,2061.0,148.0,14.0,
2002.0,2125.0,148.0,14.0,
2062.0,2253.0,147.0,13.0,
2161.0,2098.0,147.0,13.0,
2061.0,2171.0,147.0,13.0,
2030.0,1882.0,147.0,13.0,
2078.0,2249.0,147.0,13.0,
2130.0,1962.0,147.0,13.0,
2080.0,2049.0,147.0,12.0,
2064.0,2045.0,147.0,12.0,
2118.0,2096.0,147.0,12.0,
2013.0,2092.0,147.0,12.0,
2023.0,2094.0,148.0,12.0,
2062.0,2067.0,148.0,12.0,
2171.0,1956.0,148.0,12.0,
2079.0,2136.0,148.0,12.0,
2114.0,2029.0,148.0,13.0,
2030.0,2202.0,148.0,13.0,
2028.0,2036.0,148.0,13.0,
2078.0,2140.0,149.0,13.0,
2017.0,2206.0,149.0,13.0,
2036.0,2081.0,149.0,13.0,
2128.0,2014.0,149.0,13.0,
2141.0,1819.0,149.0,13.0,
1990.0,2137.0,149.0,13.0,
2053.0,2246.0,149.0,14.0,
2066.0,2192.0,149.0,14.0,
2137.0,2178.0,149.0,14.0,
1974.0,1865.0,149.0,14.0,
2121.0,1861.0,149.0,14.0,
2165.0,2239.0,149.0,15.0,
2063.0,2247.0,149.0,15.0,
2017.0,2170.0,149.0,15.0,
2035.0,2051.0,149.0,15.0,
2026.0,2121.0,149.0,16.0,
2126.0,2116.0,149.0,16.0,
2116.0,2083.0,149.0,16.0,
2051.0,2139.0,149.0,16.0,
2107.0,1997.0,149.0,16.0,
2069.0,2050.0,148.0,16.0,
2115.0,2063.0,148.0,16.0,
2099.0,1826.0,148.0,16.0,
2234.0,1779.0,147.0,16.0,
2089.0,2385.0,147.0,16.0,
1890.0,2322.0,147.0,16.0,
1978.0,2260.0,147.0,16.0,
2009.0,2205.0,147.0,15.0,
2059.0,2100.0,146.0,15.0,
2108.0,1894.0,146.0,15.0,
2048.0,1971.0,146.0,15.0,
2100.0,2092.0,147.0,15.0,
2068.0,1983.0,147.0,14.0,
2113.0,1993.0,147.0,14.0,
2086.0,1991.0,147.0,14.0,
2154.0,2086.0,148.0,14.0,
2017.0,2209.0,148.0,13.0,
2005.0,2054.0,148.0,13.0,
2117.0,2152.0,149.0,13.0,
2081.0,2206.0,149.0,13.0,
2008.0,2112.0,149.0,13.0,
2083.0,1987.0,149.0,13.0,
2091.0,2131.0,150.0,13.0,
2069.0,2045.0,150.0,13.0,
2042.0,1991.0,150.0,13.0,
2060.0,2169.0,151.0,13.0,
2146.0,2060.0,151.0,13.0,
2120.0,1915.0,151.0,13.0,
2105.0,1975.0,151.0,13.0,
1999.0,2381.0,151.0,13.0,
2037.0,2012.0,151.0,13.0,
2137.0,2290.0,151.0,14.0,
1994.0,2101.0,152.0,14.0,
2042.0,2106.0,152.0,14.0,
2069.0,2064.0,152.0,14.0,
2091.0,2003.0,152.0,14.0,
2067.0,2109.0,152.0,14.0,
2033.0,1976.0,152.0,14.0,
2086.0,2182.0,152.0,14.0,
2097.0,1907.0,153.0,15.0,
2105.0,2153.0,153.0,15.0,
2049.0,2182.0,153.0,15.0,
2077.0,2188.0,153.0,15.0,
2087.0,2137.0,153.0,15.0,
2035.0,2070.0,153.0,15.0,
2107.0,2064.0,153.0,15.0,
2036.0,1975.0,152.0,15.0,
2073.0,1966.0,152.0,15.0,
2090.0,2198.0,152.0,15.0,
2095.0,2197.0,152.0,15.0,
2041.0,2023.0,151.0,15.0,
2065.0,2058.0,151.0,15.0,
2047.0,2079.0,151.0,15.0,
2104.0,2024.0,151.0,15.0,
2058.0,2039.0,151.0,15.0,
2046.0,2276.0,151.0,15.0,
2054.0,1880.0,151.0,15.0,
2054.0,2019.0,151.0,15.0,
2101.0,2000.0,151.0,15.0,
2039.0,2132.0,151.0,15.0,
2045.0,2133.0,150.0,15.0,
2082.0,2091.0,150.0,14.0,
2070.0,2122.0,150.0,14.0,
2094.0,2124.0,150.0,14.0,
2049.0,2130.0,150.0,14.0,
2055.0,2271.0,150.0,14.0,
2097.0,1957.0,150.0,14.0,
2080.0,2034.0,150.0,14.0,
2060.0,2014.0,150.0,14.0,
2037.0,2040.0,150.0,13.0,
2052.0,1971.0,150.0,13.0,
2099.0,2171.0,150.0,13.0,
2064.0,2130.0,150.0,13.0,
2080.0,2080.0,150.0,13.0,
2089.0,2065.0,150.0,14.0,
2039.0,2135.0,150.0,14.0,
2080.0,2127.0,150.0,14.0,
2048.0,2109.0,150.0,14.0,
2095.0,2045.0,0,
2087.0,2047.0,150.0,14.0,
2118.0,2037.0,150.0,14.0,
2162.0,2055.0,150.0,14.0,
2053.0,2166.0,150.0,14.0,
2018.0,2117.0,150.0,15.0,
2086.0,2051.0,150.0,15.0,
2069.0,2086.0,150.0,15.0,
2019.0,2081.0,150.0,15.0,
2053.0,2090.0,150.0,15.0,
2072.0,2096.0,150.0,15.0,
2058.0,2036.0,150.0,16.0,
2097.0,2066.0,150.0,16.0,
2069.0,2076.0,150.0,16.0,
2061.0,2093.0,151.0,16.0,
2072.0,2144.0,151.0,16.0,
2108.0,2036.0,151.0,15.0,
2108.0,2058.0,151.0,15.0,
2096.0,2081.0,151.0,15.0,
2118.0,2045.0,151.0,15.0,
2094.0,2103.0,151.0,15.0,
2070.0,2139.0,151.0,15.0,
2024.0,2132.0,151.0,15.0,
2059.0,2005.0,151.0,15.0,
2116.0,2140.0,151.0,15.0,
2152.0,1991.0,151.0,15.0,
2124.0,2060.0,151.0,15.0,
2057.0,2096.0,150.0,15.0,
2040.0,2123.0,150.0,15.0,
1994.0,2071.0,150.0,15.0,
1913.0,2096.0,149.0,15.0,
2010.0,2070.0,149.0,15.0,
2044.0,2092.0,148.0,14.0,
2054.0,2053.0,148.0,14.0,
2054.0,2175.0,147.0,14.0,
2054.0,1955.0,147.0,14.0,
2066.0,2044.0,146.0,14.0,
2105.0,2067.0,146.0,13.0,
2095.0,2119.0,145.0,13.0,
2082.0,2116.0,145.0,13.0,
2095.0,2100.0,144.0,13.0,
2100.0,2043.0,0,
2172.0,2069.0,143.0,13.0,
2074.0,2061.0,143.0,13.0,
2054.0,2012.0,142.0,13.0,
2043.0,2210.0,142.0,14.0,
2077.0,2147.0,142.0,14.0,
2089.0,2109.0,141.0,14.0,
2055.0,2112.0,142.0,14.0,
2097.0,2111.0,142.0,14.0,
2069.0,2052.0,143.0,14.0,
2060.0,2112.0,145.0,14.0,
2063.0,2040.0,146.0,14.0,
2086.0,2080.0,148.0,14.0,
2073.0,2144.0,150.0,14.0,
2103.0,1995.0,153.0,13.0,
2094.0,2052.0,156.0,13.0,
2076.0,2065.0,158.0,12.0,
2075.0,2082.0,160.0,12.0,
2072.0,2053.0,162.0,12.0,
2059.0,2039.0,163.0,12.0,
2058.0,2066.0,164.0,12.0,
2066.0,2067.0,164.0,12.0,
2089.0,2138.0,164.0,13.0,
2074.0,2185.0,163.0,13.0,
2079.0,2080.0,161.0,14.0,
2067.0,2084.0,160.0,15.0,
2069.0,2089.0,157.0,15.0,
2091.0,2013.0,155.0,16.0,
2108.0,2049.0,153.0,16.0,
2074.0,2216.0,151.0,16.0,
2111.0,2151.0,148.0,16.0,
2080.0,2029.0,146.0,16.0,
2062.0,2097.0,145.0,16.0,
2060.0,2019.0,143.0,16.0,
2019.0,2048.0,142.0,15.0,
2033.0,2071.0,141.0,15.0,
2051.0,2055.0,139.0,14.0,
2056.0,2052.0,138.0,14.0,
2096.0,2085.0,138.0,14.0,
2100.0,2079.0,137.0,13.0,
2092.0,2177.0,136.0,13.0,
2099.0,2129.0,135.0,13.0,
2101.0,2113.0,135.0,13.0,
2091.0,2066.0,134.0,13.0,
2006.0,2041.0,133.0,13.0,
2035.0,2066.0,133.0,13.0,
2030.0,2105.0,132.0,13.0,
2030.0,2068.0,132.0,13.0,
2020.0,2057.0,132.0,13.0,
2064.0,2075.0,132.0,13.0,
2073.0,2112.0,132.0,13.0,
2070.0,2097.0,133.0,13.0,
2069.0,2083.0,134.0,13.0,
2064.0,2055.0,135.0,13.0,
2085.0,2100.0,136.0,13.0,
2092.0,2098.0,0,
2097.0,2103.0,137.0,13.0,
2101.0,2085.0,139.0,13.0,
2088.0,2079.0,140.0,13.0,
2098.0,2089.0,142.0,12.0,
2079.0,2113.0,144.0,12.0,
2086.0,2115.0,146.0,12.0,
2092.0,2087.0,147.0,12.0,
2055.0,2098.0,149.0,12.0,
2111.0,2018.0,151.0,12.0,
2095.0,2078.0,152.0,12.0,
2091.0,2063.0,153.0,12.0,
2078.0,2043.0,154.0,12.0,
2019.0,2115.0,154.0,12.0,
2056.0,2094.0,154.0,12.0,
2085.0,2095.0,154.0,12.0,
2093.0,2057.0,154.0,12.0,
2091.0,2058.0,153.0,13.0,
2074.0,2066.0,153.0,13.0,
2089.0,2068.0,152.0,13.0,
2047.0,2106.0,150.0,13.0,
2059.0,2200.0,149.0,13.0,
2069.0,2055.0,148.0,14.0,
2054.0,2031.0,146.0,14.0,
2050.0,2027.0,144.0,14.0,
2063.0,2049.0,143.0,14.0,
2049.0,2076.0,141.0,13.0,
2089.0,2075.0,140.0,13.0,
2116.0,2110.0,138.0,13.0,
2110.0,2150.0,137.0,13.0,
2088.0,2110.0,136.0,13.0,
2090.0,2099.0,135.0,12.0,
2081.0,2112.0,134.0,12.0,
1994.0,2094.0,133.0,12.0,
2013.0,2063.0,133.0,11.0,
2027.0,2065.0,132.0,11.0,
2007.0,2066.0,132.0,11.0,
2040.0,2122.0,131.0,11.0,
2083.0,2050.0,131.0,11.0,
2082.0,2050.0,0,
2068.0,2060.0,130.0,11.0,
2079.0,2069.0,129.0,11.0,
2079.0,2068.0,129.0,11.0,
2062.0,2072.0,129.0,11.0,
2076.0,2097.0,128.0,11.0,
2102.0,2143.0,128.0,11.0,
2111.0,2119.0,128.0,11.0,
2104.0,2098.0,127.0,12.0,
2095.0,2051.0,127.0,12.0,
2085.0,2057.0,127.0,12.0,
2055.0,2066.0,127.0,12.0,
2084.0,2084.0,127.0,12.0,
2054.0,2085.0,127.0,12.0,
2064.0,2078.0,128.0,12.0,
2051.0,2097.0,128.0,12.0,
2059.0,2104.0,129.0,12.0,
2092.0,2093.0,129.0,12.0,
2100.0,2089.0,129.0,12.0,
2124.0,2084.0,0,
2092.0,2060.0,130.0,12.0,
2059.0,2073.0,131.0,12.0,
2083.0,2081.0,131.0,12.0,
2048.0,2094.0,132.0,12.0,
2050.0,2101.0,132.0,12.0,
2067.0,2087.0,133.0,12.0,
2101.0,2081.0,133.0,12.0,
2097.0,2088.0,134.0,12.0,
2090.0,2074.0,134.0,12.0,
2094.0,2082.0,134.0,11.0,
2125.0,2090.0,134.0,11.0,
2107.0,2094.0,134.0,11.0,
2051.0,2085.0,134.0,11.0,
1999.0,2101.0,134.0,11.0,
1995.0,2088.0,134.0,11.0,
1976.0,2095.0,134.0,10.0,
2032.0,2084.0,133.0,10.0,
2085.0,2071.0,133.0,10.0,
2048.0,2064.0,133.0,10.0,
2053.0,2062.0,132.0,10.0,
2055.0,2075.0,132.0,10.0,
2058.0,2083.0,131.0,10.0,
2039.0,2067.0,130.0,9.0,
2054.0,2109.0,129.0,9.0,
2097.0,2071.0,129.0,9.0,
2083.0,2091.0,128.0,9.0,
2117.0,2152.0,127.0,9.0,
2143.0,2081.0,127.0,9.0,
2074.0,2038.0,126.0,9.0,
2064.0,2079.0,125.0,9.0,
2038.0,2101.0,125.0,9.0,
2085.0,2104.0,124.0,9.0,
2090.0,2072.0,123.0,9.0,
2085.0,2065.0,123.0,9.0,
2079.0,2088.0,122.0,10.0,
2069.0,2087.0,122.0,10.0,
2076.0,2075.0,122.0,10.0,
2049.0,2064.0,122.0,10.0,
2038.0,2070.0,121.0,10.0,
2061.0,2053.0,121.0,10.0,
2056.0,2053.0,121.0,10.0,
2044.0,2087.0,121.0,10.0,
2068.0,2164.0,121.0,10.0,
2049.0,2144.0,121.0,10.0,
2053.0,2074.0,121.0,10.0,
2088.0,2074.0,121.0,11.0,
2111.0,2024.0,121.0,11.0,
2124.0,2027.0,121.0,11.0,
2121.0,2082.0,121.0,11.0,
2080.0,2098.0,122.0,11.0,
2023.0,2077.0,122.0,11.0,
2053.0,1987.0,122.0,11.0,
2067.0,2033.0,122.0,11.0,
2006.0,2115.0,122.0,11.0,
2060.0,2138.0,122.0,11.0,
2084.0,2107.0,122.0,11.0,
2105.0,2089.0,121.0,10.0,
2104.0,2095.0,121.0,10.0,
2121.0,2085.0,121.0,10.0,
2071.0,2159.0,121.0,10.0,
2063.0,2111.0,120.0,10.0,
2044.0,2084.0,120.0,9.0,
2008.0,2084.0,120.0,9.0,
2045.0,2035.0,119.0,9.0,
2058.0,2073.0,119.0,9.0,
2075.0,2051.0,119.0,8.0,
2076.0,2098.0,118.0,8.0,
2081.0,2122.0,118.0,8.0,
2078.0,2071.0,117.0,7.0,
2109.0,2072.0,117.0,7.0,
2094.0,2081.0,116.0,7.0,
2084.0,2100.0,116.0,7.0,
2089.0,2111.0,116.0,7.0,
2084.0,2055.0,115.0,7.0,
2088.0,2058.0,115.0,7.0,
2061.0,2095.0,114.0,6.0,
2038.0,2064.0,114.0,6.0,
2057.0,2097.0,113.0,6.0,
2050.0,2144.0,0,
2053.0,2087.0,112.0,6.0,
2071.0,2052.0,112.0,6.0,
2069.0,2031.0,111.0,6.0,
2082.0,2037.0,111.0,7.0,
2103.0,2134.0,110.0,7.0,
2096.0,2096.0,110.0,7.0,
2078.0,2087.0,110.0,7.0,
2058.0,2065.0,110.0,8.0,
2029.0,2068.0,110.0,8.0,
2065.0,2095.0,110.0,8.0,
2083.0,2045.0,110.0,9.0,
2063.0,2079.0,109.0,9.0,
2042.0,2105.0,109.0,10.0,
2077.0,2122.0,109.0,10.0,
2083.0,2054.0,109.0,10.0,
2088.0,2017.0,109.0,10.0,
2069.0,2073.0,109.0,10.0,
2029.0,2084.0,109.0,10.0,
2022.0,2142.0,109.0,10.0,
2052.0,2116.0,109.0,10.0,
2049.0,2079.0,108.0,9.0,
2050.0,2098.0,108.0,9.0,
2057.0,2088.0,108.0,9.0,
2081.0,2095.0,108.0,8.0,
2067.0,2079.0,108.0,8.0,
2075.0,2055.0,108.0,8.0,
2093.0,2081.0,108.0,7.0,
2118.0,2107.0,107.0,7.0,
2099.0,2145.0,107.0,7.0,
2065.0,2043.0,107.0,6.0,
2060.0,2077.0,106.0,6.0,
2074.0,2065.0,106.0,6.0,
2040.0,2012.0,106.0,5.0,
2095.0,2110.0,106.0,5.0,
2109.0,2092.0,105.0,5.0,
2092.0,2083.0,105.0,5.0,
2075.0,2064.0,104.0,5.0,
2092.0,2061.0,104.0,4.0,
2061.0,2119.0,104.0,4.0,
2084.0,2109.0,103.0,4.0,
2051.0,2138.0,103.0,4.0,
2053.0,2097.0,102.0,4.0,
2084.0,2081.0,102.0,4.0,
2039.0,2049.0,102.0,4.0,
2055.0,2031.0,101.0,4.0,
2046.0,2064.0,101.0,4.0,
2058.0,2103.0,101.0,4.0,
2099.0,2117.0,100.0,4.0,
2115.0,2197.0,100.0,4.0,
2106.0,2090.0,100.0,4.0,
2098.0,2015.0,100.0,4.0,
2037.0,2040.0,99.0,4.0,
2010.0,2043.0,99.0,4.0,
2058.0,2057.0,99.0,4.0,
2075.0,2031.0,98.0,4.0,
2033.0,2036.0,98.0,4.0,
2043.0,2069.0,98.0,5.0,
2079.0,2220.0,97.0,5.0,
2088.0,2161.0,97.0,5.0,
2099.0,2063.0,96.0,5.0,
2090.0,2092.0,96.0,5.0,
2075.0,2066.0,96.0,6.0,
2043.0,2064.0,95.0,6.0,
2042.0,2073.0,95.0,6.0,
2055.0,2072.0,94.0,6.0,
2051.0,2073.0,94.0,6.0,
2062.0,2080.0,94.0,6.0,
2077.0,2009.0,93.0,6.0,
2061.0,2042.0,93.0,6.0,
2054.0,2120.0,93.0,6.0,
2075.0,2099.0,92.0,6.0,
2079.0,2070.0,92.0,6.0,
2098.0,2072.0,92.0,5.0,
2100.0,2082.0,91.0,5.0,
2041.0,2120.0,91.0,5.0,
2014.0,2128.0,90.0,4.0,
2054.0,2079.0,90.0,4.0,
2069.0,2019.0,90.0,3.0,
2057.0,2032.0,90.0,3.0,
2117.0,2073.0,89.0,2.0,
2124.0,2132.0,89.0,2.0,
2090.0,2141.0,89.0,1.0,
2064.0,2075.0,88.0,1.0,
2080.0,2037.0,88.0,1.0,
2036.0,2038.0,88.0,0.0,
2039.0,2072.0,88.0,0.0,
2091.0,2181.0,87.0,0.0,
2080.0,2102.0,87.0,0.0,
2058.0,2162.0,87.0,0.0,
2067.0,2077.0,86.0,0.0,
2071.0,2075.0,86.0,0.0,
2058.0,2055.0,86.0,0.0,
2095.0,2100.0,85.0,0.0,
2053.0,2061.0,85.0,0.0,
2047.0,2008.0,84.0,0.0,
2062.0,2000.0,84.0,0.0,
2066.0,2153.0,84.0,0.0,
2058.0,2203.0,83.0,0.0,
2063.0,2157.0,83.0,0.0,
2067.0,2085.0,82.0,0.0,
2068.0,2054.0,82.0,0.0,
2060.0,2019.0,82.0,0.0,
2060.0,2030.0,81.0,0.0,
2058.0,2045.0,81.0,0.0,
2094.0,2135.0,80.0,0.0,
2075.0,2088.0,80.0,0.0,
2077.0,2054.0,80.0,0.0,
2024.0,2082.0,80.0,0.0,
2070.0,2064.0,79.0,0.0,
2082.0,2061.0,79.0,0.0,
2072.0,2068.0,79.0,0.0,
2091.0,2061.0,78.0,1.0,
2069.0,2081.0,78.0,1.0,
2051.0,2079.0,78.0,1.0,
2044.0,2059.0,77.0,1.0,
2040.0,2067.0,77.0,1.0,
2069.0,2135.0,76.0,1.0,
2070.0,2159.0,76.0,1.0,
2064.0,2085.0,75.0,1.0,
2074.0,2060.0,75.0,1.0,
2053.0,2068.0,75.0,1.0,
2044.0,2075.0,74.0,1.0,
2026.0,2055.0,74.0,0.0,
2061.0,2074.0,74.0,0.0,
2094.0,2139.0,73.0,0.0,
2088.0,2081.0,73.0,0.0,
2020.0,2099.0,72.0,-1.0,
2071.0,2153.0,72.0,-1.0,
2068.0,2138.0,72.0,-2.0,
2058.0,2004.0,71.0,-2.0,
2085.0,2012.0,71.0,-3.0,
2095.0,2035.0,70.0,-3.0,
2078.0,2004.0,70.0,-4.0,
2109.0,2076.0,70.0,-4.0,
2078.0,2208.0,70.0,-4.0,
2062.0,2107.0,70.0,-4.0,
2101.0,2078.0,70.0,-5.0,
2105.0,2073.0,70.0,-5.0,
2133.0,2264.0,70.0,-4.0,
2095.0,2005.0,70.0,-4.0,
2009.0,1929.0,71.0,-3.0,
2018.0,1979.0,71.0,-4.0,
2049.0,2091.0,71.0,-4.0,
2089.0,2292.0,71.0,-3.0,
2087.0,2166.0,71.0,-3.0,
2078.0,2190.0,72.0,-3.0,
2073.0,2126.0,71.0,-3.0,
2051.0,2028.0,71.0,-2.0,
2070.0,1986.0,71.0,-2.0,
2076.0,2046.0,71.0,-3.0,
2056.0,2084.0,70.0,-3.0,
2058.0,2019.0,70.0,-3.0,
2059.0,2070.0,70.0,-2.0,
2042.0,2073.0,69.0,-3.0,
2069.0,2055.0,69.0,-3.0,
2049.0,2035.0,69.0,-3.0,
2048.0,2152.0,68.0,-3.0,
2091.0,2024.0,68.0,-3.0,
2076.0,2075.0,67.0,-3.0,
2078.0,2053.0,67.0,-3.0,
2093.0,2105.0,66.0,-4.0,
2076.0,2086.0,66.0,-3.0,
2097.0,2103.0,65.0,-4.0,
2102.0,2107.0,64.0,-4.0,
2075.0,2122.0,63.0,-4.0,
2081.0,2044.0,62.0,-4.0,
2082.0,2029.0,62.0,-4.0,
2096.0,2024.0,0,
2016.0,2027.0,61.0,-4.0,
2006.0,2023.0,60.0,-4.0,
2045.0,2241.0,59.0,-4.0,
2033.0,2119.0,58.0,-4.0,
2044.0,2110.0,58.0,-4.0,
2083.0,2072.0,57.0,-4.0,
2075.0,2037.0,56.0,-5.0,
2045.0,2057.0,55.0,-5.0,
2046.0,2090.0,55.0,-6.0,
2077.0,2130.0,