0.00269
0.00217
0.00201
0.00263
0.00259
0.00277
0.00275
0.00311
0.00352
0.00347
0.00442
0.00457
0.00421
0.00419
0.00401
0.00400
0.00437
0.00522
0.00576
0.00607
0.00666
0.00778
0.00864
0.00820
0.00831
0.00839
0.00772
0.00708
0.00644
0.00657
0.00627
0.00623
0.00669
0.00641
0.00624
0.00675
0.00717
0.00687
0.00756
0.00783
0.00734
0.00651
0.00579
0.00566
0.00587
0.00655
0.00694
0.00690
0.00702
0.00746
0.00722
0.00674
0.00679
0.00643
0.00687
0.00701
0.00745
0.00733
0.00704
0.00754
0.00786
0.00794
0.00857
0.00847
0.00818
0.00823
0.00762
0.00715
0.00704
0.00719
0.00728
0.00687
0.00728
0.00723
0.00726
0.00748
0.00817
0.00809
0.00766
0.00836
0.00828
0.00817
0.00974
0.01483
0.03466
0.08200
0.16275
0.31972
0.58424
0.90791
1.21590
1.49517
1.74438
1.97206
2.13553
2.24290
2.36022
2.51889
2.70843
2.93987
3.16528
3.34464
3.46310
3.51933
3.58088
3.66982
3.76538
3.81227
3.85204
3.91451
3.96308
4.04033
4.14360
4.29793
4.50865
4.70937
4.85608
4.94053
5.01799
5.07402
5.06057
5.05238
5.01928
4.83386
4.09211
2.82992
1.85554
1.43741
1.23422
0.92110
0.61964
0.42463
0.35357
0.35135
0.35863
0.36160
0.35742
0.35844
0.36241
0.35364
0.34659
0.40802
0.59439
0.90069
1.22785
1.50104
1.73481
1.91656
2.10435
2.28145
2.46739
2.69349
2.94295
3.15372
3.31706
3.48954
3.63745
3.76206
3.88493
4.01340
4.13303
4.24523
4.39086
4.48935
4.54284
4.50708
4.16814
3.46256
2.57097
1.91263
1.48517
1.13181
0.83649
0.57422
0.37389
0.25023
0.16267
0.10520
0.07606
0.05564
0.04217
0.03450
0.03641
0.04989
0.06268
0.07074
0.08377
0.10798
0.15120
0.23490
0.38898
0.66157
1.04382
1.43826
1.80900
2.11665
2.34968
2.55346
2.74905
2.94254
3.11801
3.26470
3.40382
3.54006
3.66670
3.78248
3.91149
4.00806
4.07402
4.14424
4.20800
4.27674
4.32548
4.39441
4.44397
4.24110
3.51604
2.56883
1.86073
1.34203
0.90768
0.60071
0.41153
0.29897
0.24273
0.22198
0.21574
0.21612
0.21693
0.21607
0.21290
0.20260
0.19015
0.18596
0.18978
0.19808
0.21082
0.22457
0.23518
0.24193
0.24960
0.26381
0.29086
0.32736
0.36827
0.43163
0.52530
0.64286
0.74326
0.85138
0.98039
1.15535
1.39457
1.61600
1.86550
2.16473
2.36359
2.29197
1.87353
1.32076
0.90939
0.64044
0.46826
0.37754
0.39623
0.57352
0.92310
1.38339
1.94907
2.56203
3.01452
3.07331
2.44974
1.43274
0.71778
0.39662
0.26712
0.22629
0.25047
0.39839
0.78640
1.36959
2.05069
2.67338
3.25714
3.62246
3.01098
1.82639
1.02529
0.59685
0.38982
0.32576
0.32851
0.49226
0.92343
1.42889
1.84941
2.25731
2.66627
3.01110
3.25159
3.06226
2.15199
1.25801
0.71387
0.43776
0.37391
0.49801
0.78342
1.19939
1.57547
1.83799
2.11888
2.31104
2.24609
1.76137
1.09154
0.68824
0.50567
0.47870
0.62590
0.91782
1.34253
1.82191
2.24632
2.61067
2.86941
2.64756
1.72290
0.88818
0.49351
0.33896
0.25677
0.27375
0.52937
1.10257
1.71800
2.20546
2.57698
2.83477
2.67814
1.67260
0.74522
0.38442
0.24395
0.25620
0.36923
0.63360
1.10829
1.69663
2.14151
2.42008
2.46921
2.20727
1.44265
0.65483
0.32173
0.23370
0.19736
0.16227
0.15255
0.16989
0.18111
0.19239
0.23489
0.34495
0.63672
1.00729
1.42964
1.92179
2.47329
2.95131
3.11556
2.83868
1.87403
0.86357
0.45321
0.34259
0.32502
0.35925
0.37392
0.43790
0.69400
1.14182
1.66955
2.20293
2.72955
3.16925
3.56123
3.88279
3.88088
3.54270
2.53969
1.24805
0.64493
0.40946
0.30756
0.28887
0.29506
0.35798
0.68621
1.34786
2.10767
2.75146
3.30840
3.78000
4.15958
4.50645
4.80195
5.13223
5.38284
5.56040
5.86548
6.18541
6.38182
6.52649
6.64238
6.64371
6.64999
6.66814
6.69017
6.72647
6.73751
6.70538
6.65667
6.62441
6.53897
6.50081
6.46965
6.44923
6.40174
6.38190
6.41138
6.41333
6.41115
6.35773
5.62540
3.63601
2.03912
1.32989
0.84987
0.55264
0.39188
0.29635
0.31184
0.41205
0.81463
1.98627
3.31125
4.32585
4.32331
2.61165
1.00381
0.38543
0.27472
0.29009
0.44703
0.92794
1.59295
2.24002
2.84644
3.43821
3.97249
4.31010
4.45754
4.43761
3.97305
2.55296
1.17506
0.55684
0.36562
0.40070
0.79036
1.50180
2.33588
3.04893
3.58570
3.89805
4.17789
4.39926
4.52677
4.50373
3.80115
2.40989
1.23774
0.67972
0.46288
0.35115
0.43870
0.90035
1.69111
2.50667
3.08428
3.46692
3.77972
4.08881
4.44995
4.57336
4.34763
3.99882
2.96395
1.63188
0.81007
0.38653
0.23449
0.20470
0.27920
0.73689
1.56468
2.35240
2.96810
3.40375
3.60950
3.61956
3.52469
3.40387
3.42228
3.57246
3.79191
4.03144
4.08441
3.97161
3.84292
3.76672
3.69332
3.60188
3.54039
3.50847
3.49992
3.50551
3.52666
3.55177
3.60894
3.61436
3.08508
2.01736
1.14939
0.75745
0.68941
0.68930
0.70735
0.72574
0.72921
0.71433
0.66759
0.54354
0.42163
0.43914
0.63915
0.82041
0.87130
0.91747
0.99575
1.13604
1.46823
1.95889
2.53673
2.97441
3.26796
3.43870
3.46963
3.29661
2.95469
2.76277
2.63402
2.07872
1.22609
0.71034
0.53697
0.51057
0.50513
0.49664
0.48747
0.48457
0.49394
0.52122
0.55839
0.66920
1.10381
1.80755
2.41808
2.81070
2.99236
3.17384
3.32887
3.39839
3.08316
2.15997
1.28362
0.78387
0.53892
0.45713
0.44005
0.42973
0.41444
0.41199
0.39876
0.37067
0.35386
0.34748
0.34254
0.33985
0.34005
0.33749
0.33257
0.32803
0.32437
0.32372
0.31976
0.31311
0.29960
0.27979
0.25638
0.22527
0.20958
0.21124
0.21345
0.21403
0.21553
0.21645
0.21802
0.22036
0.22178
0.22374
0.22506
0.22520
0.22315
0.22001
0.21702
0.21529
0.21308
0.21253
0.21218
0.20883
0.20576
0.20523
0.20364
0.18976
0.11216
-0.00263
0.00034
-0.05610
-0.15198
-0.18274
-0.18461
-0.18286
-0.17826
-0.17712
-0.17874
-0.17918
-0.17985
-0.18027
-0.18018
-0.16730
-0.12381
-0.10394
-0.10440
-0.13261
-0.13627
-0.16056
-0.17368
-0.17438
-0.17318
-0.17333
-0.17338
-0.17237
-0.17230
-0.17125
-0.16907
-0.16558
-0.16128
-0.15491
-0.15098
-0.15290
-0.16023
-0.16230
-0.16463
-0.16375
-0.16024
-0.15513
-0.15555
-0.15749
-0.16064
-0.16086
-0.16112
-0.16114
-0.16082
-0.16042
-0.16007
-0.15936
-0.15753
-0.15712
-0.15786
-0.15893
-0.15829
-0.15749
-0.15748
-0.15717
-0.15703
-0.15744
-0.15883
-0.16566
-0.17553
-0.17982
-0.18075
-0.18084
-0.18326
-0.18827
-0.18639
-0.18339
-0.18267
-0.18301
-0.18367
-0.18348
-0.18263
-0.18255
-0.18251
-0.18225
-0.18173
-0.18143
-0.18171
-0.18173
-0.18159
-0.18138
-0.18140
-0.18134
-0.18142
-0.18142
-0.18124
-0.18130
-0.18144
-0.18183
-0.18194
-0.18196
-0.18184
-0.18148
-0.18129
-0.18128
-0.18106
-0.18072
-0.18053
-0.18026
-0.17961
-0.17980
-0.17961
-0.17973
-0.17976
-0.17952
-0.17925
-0.17903
-0.17913
-0.17908
-0.17913
-0.17902
-0.17885
-0.17882
-0.17868
-0.17857
-0.17857
-0.17847
-0.17845
-0.17839
-0.17818
-0.17819
-0.17807
-0.17817
-0.17813
-0.17803
-0.17793
-0.17793
-0.17787
-0.17788
-0.17763
-0.17743
-0.17740
-0.17748
-0.17751
-0.17757
-0.17764
-0.17754
-0.17734
-0.17753
-0.17810
-0.17878
-0.18040
-0.18570
-0.19096
-0.19068
-0.18955
-0.18918
-0.18966
-0.18994
-0.18972
-0.18941
-0.18961
-0.19000
-0.19077
-0.19471
-0.19862
-0.19859
-0.19781
